  0.00571405644926049  0.01917172216098592  0.03363641774185697  0.04702129125816993
  0.05969585793688294  0.07235430683187005  0.08483601068244023  0.09677387864665761
  0.10833629335263081  0.11971335046994928  0.13092661584569548  0.14184016666156274
  0.15265316056526018  0.16327040395950479  0.17391792012649415  0.18472103216521288
  0.19583955160675717  0.20712756815453426  0.21830434014322500  0.22928747254424267
  0.23999267885017478  0.25073125148458891  0.26145616145460998  0.27228189690260957
  0.28299854461479673  0.29369073803066348  0.30415140774341481  0.31477912347194864
  0.32548277875922454  0.33625618959622428  0.34693708090531611  0.35775864423497789
  0.36863108047125653  0.37947756965608670  0.39047102937730788  0.40158459053282480
  0.41267963058050844  0.42343396620987073  0.43413360015794655  0.44447840533082678
  0.45470908893247430  0.46469936643637416  0.47458867335007099  0.48456074892868717
  0.49444613312724395  0.50440286142769863  0.51436877426191063  0.52424517444960839
  0.53413445217804889  0.54416408082470102  0.55435986561751105  0.56467929818918094
  0.57487345842517945  0.58496476182299773  0.59491303151473796  0.60490167270366746
  0.61501982326760840  0.62526715613026840  0.63564104730452253  0.64599546306722544
  0.65625645176263636  0.66634631164672220  0.67635132171806411  0.68640318868602346
  0.69662660424561418  0.70697185312203936  0.71732006943991455  0.72753235180544806
  0.73764784460497013  0.74783452304379627  0.75795284343046110  0.76813235389095158
  0.77838542583510562  0.78862673833431718  0.79886375989702563  0.80928820580190053
  0.82001915462699393  0.83079139449853900  0.84127212940650131  0.85151215889642795
  0.86178841900193404  0.87207914021059452  0.88236344106774645  0.89251234264902457
  0.90238585401188598  0.91220461970111044  0.92215212041456196  0.93213662245535345
  0.94178451565073851  0.95093070361685805  0.95984035498849574  0.96857452814507727
  0.97689237228181536  0.98472302369779785  0.99279164676159448  1.00000000000000000
 -0.00215811691237659  0.00920725848890466  0.01937821588524186  0.03038174913138766
  0.04155365412966754  0.05227675871783391  0.06282914293292724  0.07363665598963416
  0.08439014178503193  0.09460958059564159  0.10460494337114104  0.11470937803751377
  0.12454691909233530  0.13484718272585647  0.14531444897758058  0.15620468553267086
  0.16683259587033750  0.17702490736198137  0.18754409417674758  0.19798491840458979
  0.20825991389245557  0.21883768245298862  0.22933065610914322  0.23982244687814805
  0.25040600630423276  0.26108849162652925  0.27157504454384646  0.28177316659793744
  0.29199898078570230  0.30283068621180209  0.31382696093358492  0.32436260072049705
  0.33546855550289212  0.34601382974062184  0.35662222508415192  0.36676408179233638
  0.37668922691729861  0.38657910181197935  0.39633299424982860  0.40665734474846854
  0.41707704237984466  0.42771713284833718  0.43828421785962801  0.44906939955968544
  0.45985629445095283  0.47077760082008274  0.48148684574135830  0.49261791795524712
  0.50339562473519828  0.51383855182905469  0.52420296601885663  0.53439111089554081
  0.54494116504399537  0.55529957855683609  0.56561319963540269  0.57589548650968514
  0.58632733527162861  0.59719598436126797  0.60817966891426312  0.61913934250410974
  0.62974815317838118  0.64000933363649715  0.65034988337628175  0.66067870410269280
  0.67075963465230959  0.68067737178635168  0.69077353298859290  0.70153577938771616
  0.71224649473718515  0.72308351068514642  0.73381136586935258  0.74463118624295954
  0.75555667265403270  0.76671570759385399  0.77785274458450249  0.78875573972008195
  0.79941186554871591  0.80973243712720011  0.81987676270937304  0.82999935459875740
  0.84034186372599518  0.85066269826675189  0.86131083534279473  0.87202699589117871
  0.88344658914087637  0.89440086623055171  0.90510136630261884  0.91555369456014823
  0.92632921231830800  0.93699553342098418  0.94727912935207348  0.95785916837203278
  0.96852833414326955  0.97920023383711519  0.98960087786756112  1.00000000000000000
 -0.00239379648231221  0.00993082479590177  0.02073091255262220  0.03141517062024621
  0.04195100979480013  0.05244703020276000  0.06309598916231210  0.07403877953781546
  0.08487753550852506  0.09619510552929701  0.10761462380096756  0.11918648299701706
  0.13009386379998314  0.14085740416152168  0.15139149764112805  0.16171793107913543
  0.17187304831956376  0.18192207244267405  0.19196373946420731  0.20191284758392702
  0.21207404748615089  0.22266666756457046  0.23302141000551685  0.24302042355669901
  0.25288931590147418  0.26258272223530227  0.27227403107644976  0.28166913526117304
  0.29127841011579531  0.30122781344808097  0.31138971396661602  0.32171821971767872
  0.33247796286719777  0.34341468420010651  0.35434880017892251  0.36504591284244642
  0.37588811751287238  0.38707689590238320  0.39840218355718104  0.40953245768886021
  0.42030868421429118  0.43078194949302273  0.44139874759955194  0.45190299224775859
  0.46240302883685608  0.47289411827777522  0.48370687583668298  0.49477178661278903
  0.50569972265420937  0.51652486892393135  0.52732870427085021  0.53815109264112171
  0.54871549671955233  0.55917733062263808  0.56957615790245664  0.57988308833954572
  0.59013226091287396  0.60025450650449363  0.61057870584112284  0.62104806977855687
  0.63171209285633656  0.64265339331519389  0.65360704332117359  0.66487345695843392
  0.67546547736761953  0.68627001865578441  0.69650840978465245  0.70687336596761186
  0.71742364009727455  0.72824892359113391  0.73943674976221896  0.75045261262000051
  0.76099691383770407  0.77147820936312050  0.78206230803536780  0.79266192575488570
  0.80303301485744094  0.81321002105176787  0.82344831945644170  0.83383759658121959
  0.84430412324031412  0.85472428636208497  0.86517911697279593  0.87563919347157426
  0.88618209840201001  0.89696395830443942  0.90755964313954518  0.91820080208019805
  0.92847335855945790  0.93887149527826319  0.94914168814759448  0.95914099339408809
  0.96925913472864955  0.97937670154712331  0.98966069502126175  1.00000000000000000
 -0.00638351610108081  0.03580586848213307  0.06100433106890429  0.08038858452667882
  0.09765970762202682  0.11320275489578280  0.12717377019925841  0.14014019895710736
  0.15262148907075238  0.16478621878398303  0.17657837902818849  0.18799181254486233
  0.19926271458766526  0.21014019525101404  0.22070708125289201  0.23115447114858409
  0.24156552959364727  0.25168485781684113  0.26150677348315821  0.27124927024298584
  0.28072945660173315  0.29009382338126299  0.29896907287023750  0.30761919915305935
  0.31628335191543122  0.32482171490527345  0.33341963624070453  0.34189276307711181
  0.35021373267714884  0.35820698328703787  0.36601109530033482  0.37376749533181108
  0.38143534922091749  0.38913664071608334  0.39685349782358309  0.40451184645986349
  0.41214442596653572  0.41979660049510981  0.42746192339320122  0.43508871982624814
  0.44261555548489678  0.45011613234040043  0.45774545865323180  0.46553201374805830
  0.47348999503527606  0.48120328572612453  0.48871350860410373  0.49605709621114702
  0.50361214997009518  0.51134129959426466  0.51909122072718150  0.52683890563417879
  0.53458831418611108  0.54234879037137496  0.55014158730583285  0.55793247459529249
  0.56569870700845670  0.57350884528772250  0.58132542758600003  0.58905765650319875
  0.59690101779089444  0.60490803112289226  0.61306776858576573  0.62112281013448323
  0.62893079475638425  0.63651558529709518  0.64420117237650110  0.65235401618904920
  0.66098856406595830  0.66981242812793740  0.67842309497826858  0.68693695023454726
  0.69556594358105905  0.70434071841630119  0.71322872448152363  0.72206015213223895
  0.73128550601048314  0.74078342735852065  0.75037102643711562  0.76012396209024313
  0.77021004130447457  0.78069082927609112  0.79154641794071257  0.80246398098887595
  0.81357577598582431  0.82481826753103271  0.83633914569729895  0.84820682948681470
  0.86047084664026985  0.87350521415418658  0.88734578791592977  0.90266841392889008
  0.91960279322764027  0.93868235984044857  0.96363775511025085  1.00000000000000000
 -0.00215228616513086  0.00917689513929317  0.01875866209614396  0.02886531395420717
  0.03899866903604937  0.04957871764331703  0.06037452433961844  0.07145023460748628
  0.08271865797287682  0.09370783025992502  0.10471897671458819  0.11548619652530123
  0.12619504646482055  0.13678801660712339  0.14733554751310535  0.15795347701245008
  0.16852567789409187  0.17907301971690939  0.18951921870690810  0.19995967436912809
  0.21044852492435423  0.22089527987682125  0.23119498051938678  0.24136901617976911
  0.25150442459450606  0.26188174183752538  0.27232580815425883  0.28275548328234384
  0.29325257741371852  0.30363879746561195  0.31411658637498507  0.32465079596008467
  0.33528537025400446  0.34577298595516798  0.35622508727007118  0.36663260246063978
  0.37702171542176921  0.38721222471982941  0.39768235523880813  0.40832103808228626
  0.41898987879767918  0.42950791766076057  0.44033938089083990  0.45149672976664462
  0.46270773475970667  0.47383169518409374  0.48492649047127295  0.49601403525978882
  0.50670645528132363  0.51699480262656861  0.52754182629510560  0.53814712531783082
  0.54872909883332222  0.55897044029149701  0.56945805752613865  0.58034898093636622
  0.59117200261802283  0.60200770931505776  0.61290314098086507  0.62369901494164948
  0.63430301575035075  0.64483260335977932  0.65538609428760897  0.66596741793344061
  0.67648959160548683  0.68683966131137308  0.69738509828077366  0.70814163956084131
  0.71880607290674414  0.72920262393928015  0.73929969201560752  0.74972537623926117
  0.75993942791476299  0.77027679275923189  0.78065505794402679  0.79130999141929936
  0.80198270767695057  0.81274382240105691  0.82363754144054224  0.83455957958293148
  0.84522590397848640  0.85566972337408020  0.86596949187563521  0.87622184270280279
  0.88645495927023321  0.89680426384417078  0.90716678223105873  0.91756959374294733
  0.92780900160762136  0.93818792863843758  0.94827803822638257  0.95845310241808024
  0.96900206605178507  0.97925224134297795  0.98983593534348147  1.00000000000000000
 -0.00114732803658299  0.00784926202687414  0.01662573834119233  0.02573590259202231
  0.03518416323847322  0.04477512478555828  0.05464382940479446  0.06464419695009803
  0.07504892068601111  0.08584067982853913  0.09688998551294895  0.10754851485889108
  0.11780123526109279  0.12799486488619347  0.13822715450396222  0.14854514408489558
  0.15899536848882148  0.16939017877932247  0.17960169302855547  0.18974577290376812
  0.19997297635613312  0.21025018607307747  0.22053323923388135  0.23097303524480256
  0.24163256341912273  0.25229266299356101  0.26277022361286573  0.27309288765816814
  0.28334257629935217  0.29375885695113246  0.30447734565640516  0.31533626551352850
  0.32602974665783097  0.33664072261112898  0.34738371858766015  0.35824901832797612
  0.36898498070478136  0.37943119346475224  0.38978633178079125  0.40040140598683072
  0.41123243996921266  0.42191014673224919  0.43230807437955682  0.44265743206278046
  0.45287932908912182  0.46290131059011369  0.47272267718181471  0.48277434513524076
  0.49330919132444945  0.50390754860536680  0.51441759845849211  0.52499594460076227
  0.53575870787610924  0.54655732272877466  0.55715384609817165  0.56758821126165415
  0.57803266691051902  0.58863429378194998  0.59933569225425931  0.61001295223981133
  0.62060266371187656  0.63109702746689655  0.64151899406283985  0.65190101627020203
  0.66236127062661054  0.67312761413634836  0.68411892979051514  0.69508907027390643
  0.70610629731722196  0.71737335968293603  0.72853179934809831  0.73929181905893759
  0.74982318030640094  0.76034285205577323  0.77068776131193739  0.78078477030436699
  0.79094685125182773  0.80131717893074939  0.81178867004299993  0.82232321705111655
  0.83283074052077211  0.84338214708115689  0.85382757894932126  0.86444899415800081
  0.87514601476804110  0.88586170156481403  0.89642022910116836  0.90684905009193095
  0.91730776146611426  0.92783859914046085  0.93872093305145499  0.94977762525917930
  0.96102942686068671  0.97254927613635944  0.98558692614724297  1.00000000000000000
 -0.01740689555630065  0.14752088753449727  0.20437258405818673  0.24219887534779988
  0.26942295116216408  0.29147511367970752  0.31059270561574431  0.32749521203230780
  0.34227401546432384  0.35605689233787768  0.36882901270061169  0.38100543485479665
  0.39259185738062646  0.40360632525096307  0.41402074524740745  0.42386721451398135
  0.43325000270799652  0.44218077637429548  0.45082411277434026  0.45920737479576978
  0.46735270017201702  0.47532952753889662  0.48308023725267507  0.49057471759629856
  0.49784567487942083  0.50484075976537268  0.51164902013778291  0.51834641244860213
  0.52496602553999927  0.53151907220742933  0.53791513346070563  0.54413207914765660
  0.55018238451366697  0.55620633496429994  0.56218477357940289  0.56801223531828227
  0.57363031664005915  0.57918934470561756  0.58466692470202264  0.59001429770826541
  0.59529522094808651  0.60050070058077332  0.60560334877943733  0.61064235891896512
  0.61565840889428947  0.62064485503358835  0.62561830286361408  0.63049378933580913
  0.63540416035359004  0.64032748794452621  0.64523641822942657  0.65026180657739507
  0.65516844653305240  0.65999414788263389  0.66479149606981269  0.66958234800395466
  0.67440146840798887  0.67923563755839667  0.68407147378722000  0.68882750480172439
  0.69351017378471291  0.69812586914568964  0.70272109728999876  0.70734687196664858
  0.71199048413240162  0.71665847030520125  0.72139048947787821  0.72616259019033980
  0.73096853579835230  0.73579181785109360  0.74057332839239709  0.74529647246272313
  0.75010435060590264  0.75502460719182474  0.76004525266800127  0.76516646155351098
  0.77037122372166633  0.77567928990704371  0.78114257646928453  0.78664658611150762
  0.79232433474781172  0.79826621462985636  0.80438528342356785  0.81072442179531268
  0.81725830975198555  0.82410381684338496  0.83107754870963235  0.83882457669614396
  0.84695966342546614  0.85573879389188545  0.86551443065801559  0.87660883461019767
  0.88977787765249161  0.90683919850335248  0.93367958015828700  1.00000000000000000
  1.94614726345284702E-006  -1.0000000000000000     
 T T T T F F F F F F F F T T T T T T T T F F F F F F F F T T T T
  <DiscreteSampler_grid>
  grouped_processes
  1 # 1 for a reference and 2 for a running grid.
  10 # Attribute 'min_bin_probing_points' of the grid.
  1 # Attribute 'grid_mode' of the grid. 1=='default',2=='initialization'
  0.0000000000000000 # Attribute 'small_contrib_threshold' of the grid.
  0.5000000000000000 # Attribute 'damping_power' of the grid.
 # binID   n_entries weight   weight_sqr   abs_weight
    13   10   1.750322406297222E+006   8.835353651652160E+012   1.750322406297222E+006
    14   10   1.750322406297224E+006   8.835353651652168E+012   1.750322406297224E+006
    16   10   1.085815174075878E+001   3.400162287166194E+002   1.085815174075878E+001
    17   10   1.085815174075879E+001   3.400162287166198E+002   1.085815174075879E+001
  </DiscreteSampler_grid>
