  0.00530150741589135  0.02014411306476825  0.03555671046655304  0.04921578941772203
  0.06201791967516857  0.07452786813471586  0.08642561030393962  0.09769956099315642
  0.10871845040591240  0.11968469135255502  0.13064588756582535  0.14150453206966998
  0.15246727138987337  0.16348606180641567  0.17439375508829630  0.18514425857858788
  0.19574599316007266  0.20645536794151820  0.21749400427389376  0.22870431618776391
  0.24002521646744643  0.25119469554830998  0.26207940177772404  0.27273592567799348
  0.28313743607639913  0.29359955953837968  0.30421623928241959  0.31534822217175656
  0.32682324138512819  0.33785796543427471  0.34861422794831587  0.35924993119800136
  0.37004320695410142  0.38080472537244525  0.39132823220975316  0.40177630930733987
  0.41229257335628100  0.42279005866788605  0.43302978189752095  0.44309241605816463
  0.45316644288255103  0.46349310167217495  0.47417226698609222  0.48536198340500741
  0.49650547316895172  0.50710049396970802  0.51733067106426922  0.52753062626690517
  0.53772699588213380  0.54786365454105945  0.55809044513709771  0.56857058403213734
  0.57917614041392762  0.58988706339779051  0.60082963103237985  0.61214264093824100
  0.62358409548653915  0.63488376580140859  0.64592275338241101  0.65663746578294624
  0.66714313430420291  0.67745946756509445  0.68773618303006712  0.69819891422834390
  0.70870939128532395  0.71906997839262943  0.72923324787441857  0.73926259230329983
  0.74910348836280571  0.75875083512150343  0.76853739607351634  0.77862849524023570
  0.78884797349282265  0.79883203485876775  0.80865972343503756  0.81864063352508798
  0.82863889012965064  0.83863850932169248  0.84860532224439211  0.85849616546510976
  0.86840062219472614  0.87830869360812114  0.88813254569770483  0.89783673828838162
  0.90757493207236029  0.91749969786651342  0.92753005692906199  0.93736227375635750
  0.94686052128112597  0.95629211810343129  0.96553377013670483  0.97422288530740675
  0.98183291383881699  0.98795191293356777  0.99252172009237161  1.00000000000000000
 -0.00225296376117670  0.00941046279978178  0.01944972093095406  0.02972928495378990
  0.03984239083752621  0.05018884690251679  0.06074613535425694  0.07145295325520504
  0.08211362435799963  0.09242345412291947  0.10242989833329251  0.11240193171634974
  0.12266776582301968  0.13314782411768764  0.14366895316278627  0.15394467868794268
  0.16399732149022173  0.17414219694166277  0.18427219196033348  0.19436588402714822
  0.20431119920974172  0.21449933414113909  0.22480865370481334  0.23516832011817040
  0.24564541241243576  0.25630197752183992  0.26723169150762255  0.27795537062247860
  0.28851399288522617  0.29872074158110085  0.30887865070324610  0.31954109926550756
  0.33090286285180270  0.34243759816579594  0.35383977375469056  0.36527919785896196
  0.37656477172035446  0.38739367132418190  0.39797012256249420  0.40815981228925730
  0.41834575514769984  0.42888064362796396  0.43946055364616943  0.45002458606379786
  0.46063493164439956  0.47165441659383395  0.48261762994483326  0.49344662703072445
  0.50455333967270255  0.51560604162504520  0.52636416200440217  0.53687301042335056
  0.54743740517063189  0.55793017619335239  0.56828738346844720  0.57849096199115946
  0.58862941977657568  0.59876420956644083  0.60887055154240788  0.61927590767155993
  0.62978646922862480  0.64005708588854393  0.65050426965815422  0.66105146531453707
  0.67181736066197029  0.68248937019888078  0.69304975297443339  0.70384375353709705
  0.71421910276399014  0.72410164563760926  0.73403793422403185  0.74414530301311477
  0.75488595852159357  0.76572095458323308  0.77674430022439578  0.78782413783070360
  0.79875529838814674  0.80972932898665961  0.82062792943648977  0.83131436583085039
  0.84183470177192954  0.85239891632193998  0.86320291850667474  0.87409745442048936
  0.88479469053623894  0.89536173853862910  0.90591764215170678  0.91651106823252815
  0.92673029015117625  0.93651959822396125  0.94663986631099439  0.95691665631567868
  0.96743158740894419  0.97787250227392752  0.98879106260083749  1.00000000000000000
 -0.00239783955965418  0.00899573012827441  0.01925268321017512  0.02917630727863304
  0.03944592220011144  0.04990259082243953  0.06077316937474641  0.07163415198500679
  0.08240809111161559  0.09307135602221642  0.10363159916078052  0.11415279985736747
  0.12488024713768860  0.13614975335647000  0.14766030956950954  0.15924820052265248
  0.17061513874541651  0.18141300336811705  0.19194622644395312  0.20190671256647974
  0.21225410191215330  0.22247337097082931  0.23301791609943298  0.24344841547670357
  0.25384997888315797  0.26444255889174489  0.27462776747725010  0.28459726146386638
  0.29461994889328619  0.30478362530983683  0.31498573403852947  0.32532022122433535
  0.33605685639273991  0.34712968966637164  0.35774126495570124  0.36818124304886923
  0.37874074927313184  0.38934411831007543  0.39957954162851744  0.40990310962126814
  0.42017176961860214  0.43105495426362028  0.44147511955470276  0.45188118035145031
  0.46210751585095339  0.47250024103066246  0.48324366972381494  0.49387640360968832
  0.50475554064086492  0.51563250976080666  0.52640827842175830  0.53671390345084091
  0.54703516574414301  0.55738517129951515  0.56734572948986672  0.57698073923235671
  0.58670515300431936  0.59668621456226167  0.60657341415184718  0.61668299298595541
  0.62722395753783611  0.63820724879160506  0.64890713529857480  0.65919440136027130
  0.66948322469130617  0.67957407312502716  0.68994695454974730  0.70073808293472106
  0.71177232322060058  0.72249038865329762  0.73312179746830497  0.74387807377221871
  0.75457940953881109  0.76542396642510724  0.77595165388875875  0.78689598977217445
  0.79815605365130682  0.80939287289739470  0.82013429234809920  0.83044526052392942
  0.84079969506960517  0.85135185391787715  0.86242759823541681  0.87345791975323728
  0.88406037095659717  0.89449630800630375  0.90514581716823328  0.91594571175854078
  0.92665464162021705  0.93720688160731147  0.94774450269481758  0.95856857043566945
  0.96912974070918712  0.97952557226319192  0.98959981582006218  1.00000000000000000
 -0.00651266428544043  0.03564418519735501  0.06106740892811021  0.08045639572110556
  0.09688208039540964  0.11206186467776444  0.12646641911277715  0.14000487237383746
  0.15259628872605496  0.16463072160557438  0.17605373207184066  0.18711797818085091
  0.19806127967223550  0.20843698498104390  0.21851262664693963  0.22856414211934095
  0.23853759543639916  0.24828430885182817  0.25754288906029299  0.26656098822028701
  0.27539228561443846  0.28440264971609941  0.29351501215802411  0.30260207515471782
  0.31154870290963788  0.32019840514167364  0.32863874695058909  0.33705195660833942
  0.34556280531621669  0.35388916511376523  0.36248559492151539  0.37072617982958112
  0.37910137563745200  0.38744423152175606  0.39577626775159458  0.40419311172990807
  0.41251961759473593  0.42066562490862947  0.42869290118621750  0.43667873751471720
  0.44465391259685233  0.45267030722025048  0.46062107092319154  0.46801974528211382
  0.47540667262560521  0.48268058558893034  0.49008007670643583  0.49773367662878532
  0.50544343207086084  0.51304982385307585  0.52064767873671358  0.52834278967635684
  0.53613705237881215  0.54411296068460457  0.55220222884218528  0.56032044882906207
  0.56844116341068218  0.57641412937267611  0.58434501516026671  0.59228393146332037
  0.60037225184658893  0.60845538817881084  0.61632727251247343  0.62428176735920327
  0.63246960704522448  0.64065626922326291  0.64891962139636317  0.65733132633996205
  0.66583291128611344  0.67445172230680739  0.68292992135747033  0.69139985954408423
  0.69976180746498984  0.70826942464689635  0.71706652953214201  0.72558789599168050
  0.73440796536203379  0.74318224918056186  0.75231554552172963  0.76165852526280198
  0.77122662868054270  0.78084844151739907  0.79092632738201651  0.80140345828254178
  0.81221718456941516  0.82331341020481030  0.83456078197702011  0.84624614146504262
  0.85832505403293813  0.87148297407486575  0.88570452496047847  0.90141937422525353
  0.91911274440648183  0.93961551397592014  0.96539527933191194  1.00000000000000000
 -0.00220865744048169  0.00989531824425323  0.01991501656668856  0.02993213591043628
  0.03984821372842987  0.05016496259931282  0.06088181976183025  0.07137608337093035
  0.08194219800714554  0.09281661181081453  0.10383798701954533  0.11464803629888475
  0.12566724035198970  0.13655057091312148  0.14713385390167844  0.15711663066682835
  0.16716176782071943  0.17672026170908164  0.18618578903054905  0.19583920630631388
  0.20621619289173906  0.21736751967478571  0.22917484205312530  0.24109099254866281
  0.25286330903785692  0.26438484280803604  0.27521483601775337  0.28561091680749567
  0.29601669404414854  0.30663291856074620  0.31714949636919065  0.32728201961183923
  0.33768823881128340  0.34815258521568654  0.35832079079479340  0.36813607077284205
  0.37840724537781262  0.38922039200021463  0.40008677221450312  0.41066177643304114
  0.42112422652938242  0.43153531667517420  0.44186537918413682  0.45216082244357647
  0.46232409262100266  0.47243828454112408  0.48227248124297672  0.49189850998531748
  0.50134663344829078  0.51113328426042437  0.52100407339197063  0.53099962150000435
  0.54073187379452747  0.55100060297976605  0.56134601085962710  0.57194946911762667
  0.58263087498956700  0.59373143899898229  0.60494560699715427  0.61584159726067844
  0.62654425792546531  0.63729753905984043  0.64825684708788833  0.65918640103298476
  0.67000414638951888  0.68083156417754787  0.69164972735179775  0.70292551361849254
  0.71401692466004074  0.72495609334723043  0.73576846340092528  0.74649649260717521
  0.75710343567487526  0.76788447998157261  0.77917092836759771  0.79040388788930449
  0.80176144772710267  0.81282396553518366  0.82371504959242459  0.83445302128395771
  0.84478676213438908  0.85481712174212576  0.86452046894717816  0.87460207713141191
  0.88517139818097113  0.89569686927758585  0.90565298358145196  0.91557363776136114
  0.92614794575224380  0.93707596303731300  0.94754254557176765  0.95819622309013375
  0.96864801658176614  0.97953438143091109  0.98974297825110713  1.00000000000000000
 -0.00099726474150539  0.00309215888734940  0.00755752139765757  0.01254302595064016
  0.01844849077112352  0.02551672724180205  0.03330761728312328  0.04150325695159334
  0.05055713178113650  0.05995195185017930  0.06962337321642910  0.07958752448831261
  0.08951412303011644  0.09966565934451309  0.10994380966247023  0.12024766646243557
  0.13047646640287858  0.14083234397443709  0.15093335735093585  0.16094276201803659
  0.17048915096964404  0.18012053721373403  0.18984657219996817  0.19962730830671654
  0.20933631248245807  0.21851079529732556  0.22772104423995196  0.23716101148785207
  0.24689244900314897  0.25683122635978273  0.26691884669000648  0.27726542842368895
  0.28781447195393206  0.29818511930776948  0.30857691164184198  0.31915419153763941
  0.32973787253948339  0.34024918164301043  0.35069602071881978  0.36108025243527753
  0.37138776849660415  0.38172883321870932  0.39232696561734753  0.40298857524559384
  0.41371330649419186  0.42456765933666463  0.43563885961519222  0.44641459870277572
  0.45698329958234934  0.46772305456384855  0.47857562148332727  0.48946446985002173
  0.50028063133043843  0.51126179255835391  0.52231009183086863  0.53320039313348688
  0.54391317067742928  0.55447326462275759  0.56504042317328873  0.57579656029012150
  0.58697128741553473  0.59846663071765038  0.60981277653816768  0.62088643695599721
  0.63195913366036283  0.64299780374365401  0.65367349268882835  0.66413309497599049
  0.67487814897097842  0.68585262787966172  0.69668186054397019  0.70738993349524482
  0.71823471429244901  0.72939031501009055  0.74069871738869253  0.75223537014708064
  0.76401932263659900  0.77575073457642829  0.78749151965532360  0.79933655274541260
  0.81096176645815121  0.82238482953206871  0.83385461476860734  0.84554386074806975
  0.85727522338843076  0.86869739885929909  0.87972667614866451  0.89070298031082440
  0.90215577012823223  0.91422756490257417  0.92640495748659835  0.93878682959032811
  0.95142956139276058  0.96484891105533221  0.98055759091475969  1.00000000000000000
 -0.01384396593016096  0.11701033117683836  0.19106474139528543  0.23362366588669825
  0.26127631950237040  0.28371978538330395  0.30365337600826686  0.32147454954673427
  0.33750505890132093  0.35193211773837674  0.36503219489192285  0.37679207268023213
  0.38763686261576125  0.39785734697267616  0.40754290078115329  0.41663120067614523
  0.42514440577638585  0.43330097005327006  0.44121937471049494  0.44885835102839367
  0.45623951517885047  0.46320184820349419  0.46980792898661244  0.47631705716377865
  0.48261447924997980  0.48872698761093780  0.49482174873354096  0.50084134015365989
  0.50678761356348001  0.51261726815074493  0.51829386950938883  0.52386580853825448
  0.52936445751872074  0.53482128134422235  0.54022846010128189  0.54553606521409803
  0.55079566057892537  0.55602950426242193  0.56118728128687889  0.56625205225744957
  0.57126031948835254  0.57627034457933468  0.58129749832047284  0.58621532160657275
  0.59104849862236430  0.59579845365017536  0.60053740303424463  0.60527633532563618
  0.61007464013973556  0.61489156031066794  0.61968976356801786  0.62446982700298326
  0.62921113566546172  0.63388005993312779  0.63848260978621629  0.64309328224505702
  0.64775125829985825  0.65231915618171554  0.65686932841357759  0.66141601538955441
  0.66590912924832280  0.67057753609959647  0.67527496846499668  0.68010551003607633
  0.68493220330298499  0.68970446647517258  0.69445992497119591  0.69925748702868062
  0.70412515381942886  0.70908024792138180  0.71409326343330204  0.71911238293160862
  0.72412611093215895  0.72913578812950552  0.73422958569475194  0.73942144783678387
  0.74465053922956659  0.75006624048853943  0.75585702220676032  0.76169198219138889
  0.76757295708875550  0.77368905467345472  0.78000618125954890  0.78653468815300509
  0.79339723071841295  0.80072471326146799  0.80844355627387199  0.81672161112087915
  0.82561375729790409  0.83537712387067886  0.84644340147225050  0.85886371619353397
  0.87320687103791572  0.89156859672114508  0.92240198196634315  1.00000000000000000
  6.60009522535454239E-008  -1.0000000000000000     
 T T T T F F F F F F F F T T T T T T T T F F F F F F F F T T T T
  <DiscreteSampler_grid>
  grouped_processes
  1 # 1 for a reference and 2 for a running grid.
  10 # Attribute 'min_bin_probing_points' of the grid.
  1 # Attribute 'grid_mode' of the grid. 1=='default',2=='initialization'
  0.0000000000000000 # Attribute 'small_contrib_threshold' of the grid.
  0.5000000000000000 # Attribute 'damping_power' of the grid.
 # binID   n_entries weight   weight_sqr   abs_weight
    13   10   2.982453037152035E+006   1.660473702849011E+013   2.982453037152035E+006
    14   10   2.982453037152034E+006   1.660473702849010E+013   2.982453037152034E+006
    16   10   9.747867790003383E-001   1.773797485080937E+000   9.747867790003383E-001
    17   10   9.747867790003376E-001   1.773797485080935E+000   9.747867790003376E-001
  </DiscreteSampler_grid>
