0.26676E-02 0.13383E-05 0.00000E+01 2322340 0 0 131796 0.49412E+08 0.00000E+01 0.26676E-02 0.00000E+01 0.00000E+01 0
1 0.0026396 6.5233e-05 1.2691 0.024341 0.0026396
2 0.0026586 3.1286e-05 0.85459 0.062895 0.0026586
3 0.0026653 1.4614e-05 0.56313 0.029288 0.0026653
4 0.0027267 3.3055e-05 0.88039 0.066935 0.0027267
5 0.0026485 1.4438e-05 0.55986 0.029777 0.0026485
6 0.0026543 6.9968e-06 0.38288 0.017556 0.0026543
7 0.0027246 2.9844e-05 0.79545 0.037803 0.0027246
8 0.0026695 1.5104e-05 0.5811 0.028761 0.0026695
9 0.0026673 7.1079e-06 0.38705 0.01803 0.0026673
10 0.0027754 7.5915e-05 1.4046 0.076308 0.0027754
11 0.0026043 2.9359e-05 0.81866 0.042779 0.0026043
12 0.0026717 1.4105e-05 0.54221 0.023453 0.0026717
13 0.0027213 6.898e-05 1.3017 0.057819 0.0027213
14 0.0026609 3.7268e-05 1.0172 0.0718 0.0026609
15 0.002671 1.5531e-05 0.59718 0.025927 0.002671
16 0.0025816 6.7135e-05 1.3354 0.061032 0.0025816
17 0.00272 3.1871e-05 0.85093 0.038558 0.00272
18 0.0026995 1.4507e-05 0.55191 0.027777 0.0026995
19 0.00272 6.8707e-05 1.2972 0.062318 0.00272
20 0.0026462 2.9647e-05 0.81362 0.060083 0.0026462
21 0.0026674 1.4181e-05 0.546 0.026005 0.0026674
22 0.002699 6.8225e-05 1.298 0.052372 0.002699
23 0.0026784 3.1428e-05 0.85214 0.051227 0.0026784
24 0.0026864 1.5111e-05 0.57771 0.030581 0.0026864
25 0.0027087 6.8529e-05 1.2992 0.045862 0.0027087
26 0.0027032 3.8508e-05 1.0346 0.060544 0.0027032
27 0.0026981 1.403e-05 0.53404 0.02308 0.0026981
28 0.0026619 6.7436e-05 1.3009 0.037421 0.0026619
29 0.0026365 2.7965e-05 0.77031 0.030612 0.0026365
30 0.0026676 1.4328e-05 0.55161 0.036662 0.0026676
31 0.0027302 7.4588e-05 1.4029 0.067151 0.0027302
32 0.0026843 2.9988e-05 0.8113 0.042107 0.0026843
33 0.0026535 1.338e-05 0.51788 0.022704 0.0026535
34 0.0026921 6.9685e-05 1.3292 0.07241 0.0026921
35 0.0026296 2.9451e-05 0.81336 0.038719 0.0026296
36 0.0026637 1.4823e-05 0.57151 0.02729 0.0026637
37 0.0026514 6.5256e-05 1.2639 0.027152 0.0026514
38 0.0027042 3.5871e-05 0.96332 0.06208 0.0027042
39 0.002676 1.4268e-05 0.54758 0.027923 0.002676
40 0.0027388 7.6964e-05 1.443 0.10195 0.0027388
41 0.0027284 3.4561e-05 0.91989 0.04902 0.0027284
42 0.0026825 1.4603e-05 0.55909 0.029423 0.0026825
43 0.0026435 6.908e-05 1.3419 0.042599 0.0026435
44 0.0026612 3.0128e-05 0.82217 0.04758 0.0026612
45 0.002659 1.4021e-05 0.54153 0.030475 0.002659
46 0.002589 7.1821e-05 1.4245 0.083547 0.002589
47 0.0027558 3.5901e-05 0.9461 0.055252 0.0027558
48 0.0026746 1.4107e-05 0.54173 0.022565 0.0026746
49 0.0026295 6.4691e-05 1.2633 0.032967 0.0026295
50 0.0026329 2.8028e-05 0.77307 0.029673 0.0026329
51 0.0026675 1.4979e-05 0.57671 0.031532 0.0026675
52 0.0026904 6.8814e-05 1.3135 0.069248 0.0026904
53 0.0026778 3.1389e-05 0.85127 0.044195 0.0026778
54 0.0026452 1.4436e-05 0.56048 0.024185 0.0026452
55 0.0027604 6.6593e-05 1.2388 0.035517 0.0027604
56 0.0026603 3.0117e-05 0.82217 0.043528 0.0026603
57 0.0026627 1.3814e-05 0.53283 0.022826 0.0026627
58 0.0027356 6.7009e-05 1.2579 0.034994 0.0027356
59 0.0026758 3.1804e-05 0.86318 0.056619 0.0026758
60 0.0026672 1.5001e-05 0.57764 0.024942 0.0026672
61 0.002627 6.3653e-05 1.2443 0.033534 0.002627
62 0.0026859 3.1439e-05 0.85008 0.061199 0.0026859
63 0.0026548 1.4533e-05 0.56222 0.029485 0.0026548
64 0.0024918 7.0432e-05 1.4515 0.054584 0.0024918
65 0.0027035 3.6587e-05 0.98281 0.059716 0.0027035
66 0.0026713 1.4669e-05 0.564 0.026136 0.0026713
67 0.0026661 6.6811e-05 1.2868 0.054237 0.0026661
68 0.0027073 3.1077e-05 0.83362 0.051997 0.0027073
69 0.0026822 1.5099e-05 0.57816 0.031335 0.0026822
70 0.0027031 3.4968e-05 0.93946 0.059616 0.0027031
71 0.0026512 1.4009e-05 0.54269 0.027792 0.0026512
72 0.0026577 7.071e-06 0.38644 0.016667 0.0026577
73 0.002628 7.1055e-05 1.3884 0.054497 0.002628
74 0.0026443 3.0899e-05 0.84859 0.055877 0.0026443
75 0.0026666 1.3994e-05 0.53898 0.027664 0.0026666
76 0.0026219 6.3566e-05 1.245 0.036854 0.0026219
77 0.0026534 3.0158e-05 0.82543 0.051793 0.0026534
78 0.0026573 1.6005e-05 0.6186 0.031457 0.0026573
79 0.0026437 6.4876e-05 1.2601 0.042564 0.0026437
80 0.0026672 3.2564e-05 0.88665 0.053557 0.0026672
81 0.0026664 1.4204e-05 0.5471 0.03085 0.0026664
82 0.0026131 6.8172e-05 1.3397 0.04816 0.0026131
83 0.0026546 3.145e-05 0.86037 0.045974 0.0026546
84 0.0026531 1.4067e-05 0.54454 0.026832 0.0026531
85 0.0026939 8.0715e-05 1.5386 0.070664 0.0026939
86 0.0026977 2.9715e-05 0.79993 0.042747 0.0026977
87 0.0026806 1.3855e-05 0.53081 0.025131 0.0026806
88 0.002539 6.1857e-05 1.2511 0.025411 0.002539
89 0.0026075 2.997e-05 0.83471 0.054019 0.0026075
90 0.0026635 1.4533e-05 0.56037 0.029603 0.0026635
91 0.0026733 6.7871e-05 1.3037 0.044774 0.0026733
92 0.0026514 2.9819e-05 0.81675 0.05963 0.0026514
93 0.0026801 1.4439e-05 0.55329 0.024983 0.0026801
94 0.0026988 6.7627e-05 1.2868 0.047643 0.0026988
95 0.0027067 3.3826e-05 0.90758 0.060048 0.0027067
96 0.0026588 1.4486e-05 0.55955 0.033142 0.0026588
97 0.0027053 6.8425e-05 1.2988 0.057749 0.0027053
98 0.0026449 3.1643e-05 0.86883 0.05551 0.0026449
99 0.0026801 1.4057e-05 0.5387 0.022279 0.0026801
100 0.0026988 6.6069e-05 1.2572 0.042033 0.0026988
101 0.0026877 3.1864e-05 0.86098 0.045436 0.0026877
102 0.0026623 1.4258e-05 0.55004 0.031874 0.0026623
103 0.002685 6.4426e-05 1.2322 0.035062 0.002685
104 0.0027246 3.4271e-05 0.91349 0.054089 0.0027246
105 0.0026591 1.4095e-05 0.54439 0.027941 0.0026591
106 0.0026869 6.8743e-05 1.3138 0.046978 0.0026869
107 0.002676 2.9749e-05 0.80733 0.05324 0.002676
108 0.0026557 1.3844e-05 0.53538 0.026171 0.0026557
109 0.0026335 6.948e-05 1.3548 0.058729 0.0026335
110 0.0026843 2.8372e-05 0.7676 0.033261 0.0026843
111 0.0026464 1.3676e-05 0.53074 0.021433 0.0026464
112 0.0026202 6.5146e-05 1.2768 0.041562 0.0026202
113 0.0026102 2.882e-05 0.80184 0.042843 0.0026102
114 0.0026509 1.4187e-05 0.54963 0.029833 0.0026509
115 0.0026723 6.9773e-05 1.3408 0.056388 0.0026723
116 0.0026461 3.1398e-05 0.86171 0.054992 0.0026461
117 0.0026302 1.3786e-05 0.5383 0.025685 0.0026302
118 0.0025493 6.7532e-05 1.3603 0.049457 0.0025493
119 0.0026844 3.3614e-05 0.90937 0.060968 0.0026844
120 0.0026667 1.439e-05 0.55423 0.027719 0.0026667
121 0.002693 6.7986e-05 1.2964 0.061131 0.002693
122 0.0026784 2.982e-05 0.80854 0.040296 0.0026784
123 0.0026675 1.3994e-05 0.53881 0.02623 0.0026675
124 0.0026059 6.6899e-05 1.3183 0.050837 0.0026059
125 0.0026572 3.0654e-05 0.83779 0.065354 0.0026572
126 0.0026598 1.4698e-05 0.56755 0.025793 0.0026598
127 0.0027759 6.9047e-05 1.2773 0.049172 0.0027759
128 0.0026812 3.0183e-05 0.81755 0.041414 0.0026812
129 0.0026807 1.4817e-05 0.56768 0.032611 0.0026807
130 0.0026677 6.8568e-05 1.3199 0.041188 0.0026677
131 0.0026416 2.9354e-05 0.807 0.042251 0.0026416
132 0.0026545 1.4751e-05 0.57073 0.026641 0.0026545
133 0.0026889 6.5862e-05 1.2578 0.034142 0.0026889
134 0.0026472 3.005e-05 0.82438 0.05238 0.0026472
135 0.0026912 1.5643e-05 0.59698 0.034858 0.0026912
136 0.0027571 7.6143e-05 1.4182 0.072622 0.0027571
137 0.0026748 3.1625e-05 0.85862 0.056179 0.0026748
138 0.0026952 1.3932e-05 0.53087 0.024046 0.0026952
139 0.0026868 7.3308e-05 1.4011 0.067982 0.0026868
140 0.0026677 3.0899e-05 0.84113 0.052583 0.0026677
141 0.0026537 1.496e-05 0.57897 0.033556 0.0026537
142 0.0026918 6.438e-05 1.2282 0.032716 0.0026918
143 0.0026675 2.9635e-05 0.80681 0.034353 0.0026675
144 0.0026688 1.4786e-05 0.56899 0.030425 0.0026688
145 0.0026974 7.439e-05 1.4162 0.05465 0.0026974
146 0.0027149 3.3496e-05 0.896 0.047069 0.0027149
147 0.002668 1.4046e-05 0.54067 0.023472 0.002668
148 0.0025781 6.9444e-05 1.3832 0.050385 0.0025781
149 0.0026377 3.0315e-05 0.83463 0.047301 0.0026377
150 0.0026384 1.3355e-05 0.51986 0.024213 0.0026384
151 0.0026321 6.6828e-05 1.3038 0.045043 0.0026321
152 0.0027052 3.1943e-05 0.85754 0.049887 0.0027052
153 0.0026604 1.4006e-05 0.54069 0.025693 0.0026604
154 0.0025774 6.2292e-05 1.2411 0.026798 0.0025774
155 0.0027298 3.2879e-05 0.87469 0.06186 0.0027298
156 0.0026659 1.493e-05 0.57519 0.027466 0.0026659
157 0.0026757 7.1362e-05 1.3695 0.063132 0.0026757
158 0.0026481 2.9627e-05 0.81251 0.049948 0.0026481
159 0.0026563 1.429e-05 0.5525 0.030561 0.0026563
160 0.002629 7.5373e-05 1.4723 0.072427 0.002629
161 0.0026562 2.972e-05 0.81256 0.04625 0.0026562
162 0.002647 1.4143e-05 0.54874 0.023478 0.002647
163 0.0026174 6.44e-05 1.2635 0.023635 0.0026174
164 0.0026319 3.1387e-05 0.86606 0.063711 0.0026319
165 0.0026691 1.4664e-05 0.56426 0.029036 0.0026691
166 0.0026237 6.6518e-05 1.3019 0.043638 0.0026237
167 0.0027385 3.8283e-05 1.0152 0.053828 0.0027385
168 0.0026761 1.3831e-05 0.53082 0.026542 0.0026761
169 0.0026348 6.4447e-05 1.256 0.024269 0.0026348
170 0.0026793 3.2182e-05 0.87232 0.048631 0.0026793
171 0.0026517 1.4351e-05 0.55582 0.032253 0.0026517
172 0.0026852 7.2143e-05 1.3797 0.079969 0.0026852
173 0.0027161 3.8376e-05 1.0261 0.070166 0.0027161
174 0.0026867 1.3889e-05 0.53093 0.023217 0.0026867
175 0.0028303 7.162e-05 1.2994 0.05781 0.0028303
176 0.0027042 3.4891e-05 0.937 0.063698 0.0027042
177 0.0026805 1.4444e-05 0.55342 0.025128 0.0026805
178 0.0026859 7.4117e-05 1.417 0.054858 0.0026859
179 0.0026913 3.0606e-05 0.82587 0.046859 0.0026913
180 0.0026881 1.4114e-05 0.53922 0.024621 0.0026881
181 0.0025914 6.2852e-05 1.2455 0.039741 0.0025914
182 0.0026983 3.5571e-05 0.95734 0.086687 0.0026983
183 0.0026705 1.4105e-05 0.54245 0.028778 0.0026705
184 0.0026872 7.0249e-05 1.3424 0.061705 0.0026872
185 0.0026478 2.8095e-05 0.77056 0.039009 0.0026478
186 0.0026716 1.4165e-05 0.54453 0.026736 0.0026716
187 0.0026617 6.7105e-05 1.2947 0.04014 0.0026617
188 0.0026658 3.4105e-05 0.92911 0.054616 0.0026658
189 0.0026642 1.4083e-05 0.54287 0.029216 0.0026642
190 0.0026896 7.4157e-05 1.4159 0.073826 0.0026896
191 0.0026565 3.1658e-05 0.86547 0.05679 0.0026565
192 0.0026777 1.4809e-05 0.568 0.027873 0.0026777
193 0.0025756 6.4132e-05 1.2786 0.049675 0.0025756
194 0.0026457 3.2097e-05 0.88104 0.058737 0.0026457
195 0.0026456 1.5675e-05 0.60851 0.031215 0.0026456
196 0.0027327 7.102e-05 1.3346 0.071164 0.0027327
197 0.0026463 2.8934e-05 0.79403 0.03695 0.0026463
198 0.0026772 1.4589e-05 0.55969 0.032809 0.0026772
199 0.0026756 7.0739e-05 1.3577 0.070126 0.0026756
200 0.0026579 3.48e-05 0.95086 0.061699 0.0026579
201 0.002674 1.4334e-05 0.55054 0.026969 0.002674
202 0.0025983 6.4821e-05 1.2811 0.037083 0.0025983
203 0.0026238 3.1782e-05 0.87969 0.051763 0.0026238
204 0.0026968 1.4087e-05 0.53648 0.02238 0.0026968
205 0.0025288 6.5497e-05 1.33 0.033855 0.0025288
206 0.0026705 3.2281e-05 0.87787 0.053357 0.0026705
207 0.0026649 1.4359e-05 0.55341 0.024638 0.0026649
208 0.0026093 7.1152e-05 1.4003 0.081662 0.0026093
209 0.0026828 3.0884e-05 0.83603 0.049141 0.0026828
210 0.0026397 1.3632e-05 0.53037 0.023215 0.0026397
211 0.0026076 6.835e-05 1.346 0.039676 0.0026076
212 0.0026757 3.1324e-05 0.85019 0.051028 0.0026757
213 0.0026611 1.404e-05 0.54186 0.025073 0.0026611
214 0.002717 6.7594e-05 1.2775 0.054 0.002717
215 0.0026521 2.937e-05 0.80422 0.039985 0.0026521
216 0.0026695 1.4227e-05 0.54736 0.024664 0.0026695
217 0.0026918 6.5548e-05 1.2505 0.029663 0.0026918
218 0.002615 2.8977e-05 0.80472 0.050685 0.002615
219 0.0026799 1.5051e-05 0.57682 0.025809 0.0026799
220 0.0027675 7.5751e-05 1.4056 0.065656 0.0027675
221 0.0025934 2.8012e-05 0.78443 0.048811 0.0025934
222 0.0026907 1.5151e-05 0.57831 0.032927 0.0026907
223 0.0026268 7.0634e-05 1.3808 0.079246 0.0026268
224 0.002624 3.1222e-05 0.86409 0.043705 0.002624
225 0.002663 1.3685e-05 0.5278 0.023114 0.002663
226 0.0027927 7.4145e-05 1.3634 0.066446 0.0027927
227 0.0026544 3.3405e-05 0.91391 0.068427 0.0026544
228 0.0026736 1.4376e-05 0.55223 0.023783 0.0026736
229 0.0026568 6.5799e-05 1.2718 0.037484 0.0026568
230 0.0026845 3.0117e-05 0.81474 0.043998 0.0026845
231 0.0026648 1.5011e-05 0.57856 0.032232 0.0026648
232 0.0026537 6.9914e-05 1.3529 0.051818 0.0026537
233 0.0026748 3.1399e-05 0.8525 0.053074 0.0026748
234 0.0026584 1.3751e-05 0.53127 0.024131 0.0026584
235 0.0026261 7.2729e-05 1.4222 0.070936 0.0026261
236 0.0026706 2.984e-05 0.81145 0.05034 0.0026706
237 0.0026745 1.4386e-05 0.55245 0.028004 0.0026745
238 0.002759 7.8092e-05 1.4535 0.078866 0.002759
239 0.0025995 2.927e-05 0.81773 0.047181 0.0025995
240 0.0026713 1.4055e-05 0.54039 0.024061 0.0026713
241 0.0027083 3.2846e-05 0.88073 0.061549 0.0027083
242 0.0026864 1.4492e-05 0.55403 0.027319 0.0026864
243 0.0026687 7.0292e-06 0.38256 0.017506 0.0026687
244 0.0027175 7.1552e-05 1.3521 0.064917 0.0027175
245 0.0027181 3.3364e-05 0.8914 0.044264 0.0027181
246 0.0026699 1.3927e-05 0.53571 0.028329 0.0026699
247 0.0026664 6.6182e-05 1.2746 0.040881 0.0026664
248 0.0026177 2.8754e-05 0.79771 0.037024 0.0026177
249 0.0026752 1.4361e-05 0.55131 0.025985 0.0026752
250 0.0027639 7.0945e-05 1.3181 0.050184 0.0027639
251 0.0026565 2.9088e-05 0.79519 0.057584 0.0026565
252 0.0026712 1.404e-05 0.5398 0.030115 0.0026712
253 0.002776 8.5525e-05 1.5821 0.10123 0.002776
254 0.0026566 2.9852e-05 0.81605 0.04225 0.0026566
255 0.0026856 1.4171e-05 0.54192 0.02842 0.0026856
256 0.002539 6.8251e-05 1.3804 0.050661 0.002539
257 0.00266 2.9107e-05 0.79467 0.050779 0.00266
258 0.0026948 1.4793e-05 0.5638 0.024481 0.0026948
259 0.0026966 7.0691e-05 1.3462 0.056181 0.0026966
260 0.0026102 2.6796e-05 0.74554 0.035055 0.0026102
261 0.0026753 1.5256e-05 0.58567 0.030003 0.0026753
262 0.0026153 6.4748e-05 1.2713 0.03346 0.0026153
263 0.0027389 3.4707e-05 0.92027 0.04789 0.0027389
264 0.0026621 1.3543e-05 0.52251 0.019787 0.0026621
265 0.0026748 7.7062e-05 1.4795 0.089284 0.0026748
266 0.0026163 3.2061e-05 0.88994 0.076077 0.0026163
267 0.0026665 1.4686e-05 0.56565 0.028742 0.0026665
268 0.0026534 6.5958e-05 1.2765 0.035178 0.0026534
269 0.0026704 3.1693e-05 0.86189 0.044878 0.0026704
270 0.0026429 1.3628e-05 0.5296 0.027809 0.0026429
271 0.0026964 7.0945e-05 1.3511 0.065459 0.0026964
272 0.0026674 2.9638e-05 0.80694 0.041158 0.0026674
273 0.0026428 1.4141e-05 0.54956 0.024786 0.0026428
274 0.0027735 7.355e-05 1.3618 0.079773 0.0027735
275 0.0026338 2.795e-05 0.77069 0.036341 0.0026338
276 0.0026784 1.5254e-05 0.58491 0.032172 0.0026784
277 0.0026872 7.04e-05 1.3453 0.07527 0.0026872
278 0.0026677 3.1516e-05 0.85796 0.054187 0.0026677
279 0.0026547 1.4597e-05 0.56472 0.02689 0.0026547
280 0.0028291 7.0857e-05 1.2861 0.047343 0.0028291
281 0.0026585 3.0983e-05 0.84637 0.046867 0.0026585
282 0.0026757 1.4098e-05 0.54113 0.023545 0.0026757
283 0.002603 6.3354e-05 1.2498 0.033438 0.002603
284 0.0026561 3.257e-05 0.89053 0.051883 0.0026561
285 0.0026798 1.5099e-05 0.57869 0.03081 0.0026798
286 0.0026522 6.9539e-05 1.3464 0.06707 0.0026522
287 0.0027072 3.1706e-05 0.85053 0.042808 0.0027072
288 0.0026704 1.4282e-05 0.54928 0.022101 0.0026704
289 0.0026422 6.5099e-05 1.2652 0.031565 0.0026422
290 0.0026636 3.0668e-05 0.83615 0.048774 0.0026636
291 0.0026868 1.5627e-05 0.59734 0.031734 0.0026868
292 0.0025675 7.0014e-05 1.4003 0.05656 0.0025675
293 0.0026225 2.7993e-05 0.77517 0.047015 0.0026225
294 0.0026527 1.4486e-05 0.56084 0.030247 0.0026527
295 0.0026153 6.9285e-05 1.3604 0.050342 0.0026153
296 0.0026614 3.0597e-05 0.83491 0.052674 0.0026614
297 0.0026686 1.4252e-05 0.5485 0.025531 0.0026686
298 0.0025625 7.1082e-05 1.4244 0.05826 0.0025625
299 0.0026756 3.114e-05 0.84522 0.043293 0.0026756
300 0.0026739 1.4922e-05 0.57317 0.031098 0.0026739
301 0.0027289 7.822e-05 1.4719 0.078432 0.0027289
302 0.0026873 3.2024e-05 0.86543 0.055842 0.0026873
303 0.00267 1.4997e-05 0.57687 0.028384 0.00267
304 0.0026974 6.8555e-05 1.3051 0.038346 0.0026974
305 0.0026592 2.9774e-05 0.81312 0.050191 0.0026592
306 0.0026794 1.4772e-05 0.56621 0.029231 0.0026794
307 0.0027493 6.7654e-05 1.2637 0.035087 0.0027493
308 0.0026469 2.9644e-05 0.81333 0.03501 0.0026469
309 0.0026723 1.4955e-05 0.57476 0.024789 0.0026723
310 0.0026718 7.8818e-05 1.5149 0.10119 0.0026718
311 0.0026645 2.9292e-05 0.79836 0.044403 0.0026645
312 0.0026488 1.393e-05 0.54011 0.025637 0.0026488
313 0.0026557 7.8237e-05 1.5128 0.090513 0.0026557
314 0.0026367 2.7681e-05 0.7624 0.037746 0.0026367
315 0.0026895 1.5334e-05 0.58558 0.033973 0.0026895
316 0.0026016 6.692e-05 1.3209 0.044053 0.0026016
317 0.0026393 2.9582e-05 0.81396 0.038427 0.0026393
318 0.0026972 1.5057e-05 0.57335 0.027583 0.0026972
319 0.0026005 6.9402e-05 1.3705 0.079085 0.0026005
320 0.0026565 3.2983e-05 0.90166 0.048158 0.0026565
321 0.0026775 1.3941e-05 0.53476 0.02236 0.0026775
322 0.0027052 7.7327e-05 1.4679 0.076533 0.0027052
323 0.0027151 3.2696e-05 0.87454 0.058983 0.0027151
324 0.0026522 1.3976e-05 0.54121 0.02623 0.0026522
325 0.0026914 6.8939e-05 1.3154 0.044221 0.0026914
326 0.0026509 3.0241e-05 0.82848 0.041198 0.0026509
327 0.002651 1.4356e-05 0.55615 0.034015 0.002651
328 0.0026712 6.5484e-05 1.2589 0.034329 0.0026712
329 0.0026549 3.4255e-05 0.93704 0.062689 0.0026549
330 0.0026555 1.4634e-05 0.566 0.034888 0.0026555
331 0.0026748 6.8189e-05 1.3091 0.048877 0.0026748
332 0.0026674 3.0429e-05 0.82845 0.048455 0.0026674
333 0.0026685 1.4381e-05 0.55349 0.031392 0.0026685
334 0.0026999 3.1023e-05 0.83445 0.042068 0.0026999
335 0.002656 1.3635e-05 0.52723 0.024879 0.002656
336 0.0026643 7.0607e-06 0.38492 0.018347 0.0026643
337 0.0026004 6.8937e-05 1.3614 0.059754 0.0026004
338 0.0026564 2.6928e-05 0.73618 0.026726 0.0026564
339 0.0026713 1.3778e-05 0.52974 0.0254 0.0026713
340 0.0026913 7.3096e-05 1.3947 0.069963 0.0026913
341 0.0026756 2.9261e-05 0.79422 0.037471 0.0026756
342 0.0026749 1.4397e-05 0.55279 0.025379 0.0026749
343 0.0025554 6.9085e-05 1.3883 0.047458 0.0025554
344 0.0026301 2.9783e-05 0.82238 0.050439 0.0026301
345 0.0026646 1.4102e-05 0.54354 0.024262 0.0026646
346 0.0027178 6.9082e-05 1.3053 0.040968 0.0027178
347 0.0027143 3.3822e-05 0.9049 0.065864 0.0027143
348 0.0026613 1.467e-05 0.56613 0.02643 0.0026613
349 0.0027336 7.1582e-05 1.3447 0.042495 0.0027336
350 0.0026658 3.2472e-05 0.88463 0.06028 0.0026658
351 0.0026581 1.3874e-05 0.53609 0.028762 0.0026581
352 0.0025256 6.5193e-05 1.3255 0.037137 0.0025256
353 0.0026441 2.9091e-05 0.79901 0.031369 0.0026441
354 0.0026665 1.4387e-05 0.55413 0.035412 0.0026665
355 0.0026668 6.9696e-05 1.3421 0.048141 0.0026668
356 0.0026821 3.2652e-05 0.8841 0.055221 0.0026821
357 0.0026883 1.46e-05 0.55777 0.030334 0.0026883
358 0.0026749 7.643e-05 1.4673 0.10733 0.0026749
359 0.0026523 3.1787e-05 0.87036 0.049067 0.0026523
360 0.0027085 1.4259e-05 0.54068 0.029812 0.0027085
