  0.00570087191460823  0.01916021144136582  0.03361267883801178  0.04696064178805377
  0.05956909788770313  0.07213185986460030  0.08453001559206091  0.09637794298401807
  0.10782318322425445  0.11909705478291351  0.13020219192537669  0.14103232883015762
  0.15176371042354497  0.16226494048716184  0.17277628778023588  0.18343494383729669
  0.19444951462801674  0.20567791794165896  0.21674979198221175  0.22764240399987198
  0.23820541021227176  0.24887990974017396  0.25951216924305348  0.27035583235878247
  0.28102557692241481  0.29171811888806065  0.30204268263021583  0.31259504909355323
  0.32318352486224600  0.33391019230000984  0.34448019869125562  0.35522846119373225
  0.36604641548413547  0.37680390661855867  0.38777310801842552  0.39886271283195529
  0.41003300033572410  0.42072631183361975  0.43135874107609495  0.44155098854878644
  0.45163955952548940  0.46155195642204960  0.47135367621202323  0.48123948799393351
  0.49103901694768132  0.50087350005721276  0.51076119568314993  0.52054916292762565
  0.53027534387049380  0.54014247963927831  0.55016404150102471  0.56047231445252343
  0.57065840346580698  0.58072008086087146  0.59066620479555343  0.60043269738076432
  0.61048414837421394  0.62044262045226062  0.63070932295144710  0.64097106927316161
  0.65127581696058279  0.66136358963806940  0.67131307999359491  0.68117330808672927
  0.69118172302929715  0.70136201342017790  0.71166396455949055  0.72193552371197589
  0.73195413720913860  0.74204011305229356  0.75208932040029719  0.76212620670393505
  0.77225683607787943  0.78239778922670844  0.79252780359213404  0.80271551158016152
  0.81317878029428792  0.82388347434921483  0.83447617230881899  0.84476780546252850
  0.85493745356349948  0.86514257674778072  0.87532754746107255  0.88545226660737431
  0.89537920154911255  0.90507638285605030  0.91472126703366796  0.92442784763663466
  0.93410858777614714  0.94345092845652767  0.95238599609712116  0.96109486305804315
  0.96957287017159810  0.97759972154191399  0.98517067010194315  1.00000000000000000
 -0.00217039878128791  0.00914764137447840  0.01928766962680888  0.03029405078231526
  0.04146385195138953  0.05220277109471673  0.06276336498681931  0.07356891131878177
  0.08432787822390536  0.09454710641940270  0.10452177574338838  0.11459621020836994
  0.12443481244167552  0.13472039602511834  0.14519033476635437  0.15608790230068753
  0.16672976896896197  0.17693278462322609  0.18745053880608872  0.19791031595472069
  0.20817606106757933  0.21873579052836745  0.22921357182758778  0.23969916575784775
  0.25029184077217620  0.26099715981438820  0.27150583051877286  0.28169252101828157
  0.29189162181543910  0.30271194177927035  0.31370896524387398  0.32425312102635151
  0.33538162862294252  0.34595126173009011  0.35657525220846131  0.36673147114049892
  0.37665212483810451  0.38654648551213250  0.39628228338678678  0.40662997339863133
  0.41702856843591424  0.42767731729093117  0.43822668331161663  0.44905574672603527
  0.45985665197105213  0.47080028280569275  0.48151707272081296  0.49268262107350214
  0.50344962529642245  0.51385613102795902  0.52417768367575146  0.53435105311236719
  0.54492439761264122  0.55533359787563041  0.56569362274093027  0.57604173463268438
  0.58653286000188842  0.59746197470137796  0.60849799815046457  0.61947446638296144
  0.63008381819224935  0.64036770261071296  0.65068818756014679  0.66098873583868456
  0.67102536782544131  0.68095802437250375  0.69106635763411406  0.70181313192475137
  0.71249767214775062  0.72333495331126707  0.73408699329220428  0.74489577262611728
  0.75583313314995781  0.76701876627674259  0.77819048325730322  0.78911360454426316
  0.79976930153950332  0.81007381287726876  0.82020532499619858  0.83031232972719204
  0.84064587310539507  0.85095266794400570  0.86161435363641714  0.87236435864629958
  0.88380646267962082  0.89477260670259173  0.90545489277240310  0.91589733281653518
  0.92660830154666396  0.93721222745065058  0.94737452033957215  0.95789777240014817
  0.96853201407615497  0.97920674837218635  0.98960943295456361  1.00000000000000000
 -0.00239973375898328  0.00998905989623383  0.02083586139462316  0.03156513443124073
  0.04211418995959806  0.05262585400525136  0.06331492989249517  0.07432493852963143
  0.08524642365204148  0.09664585583712983  0.10812954064823264  0.11969184003001035
  0.13050693590242854  0.14116575324511182  0.15164126678477940  0.16195773790048346
  0.17212077606120982  0.18216874781393513  0.19222118068966840  0.20216617487355054
  0.21233500236458680  0.22293313930208614  0.23324247520393557  0.24322991190762086
  0.25309012551807319  0.26276447388744661  0.27245644941416880  0.28185972988606045
  0.29150612423692845  0.30148254926463763  0.31164350420236414  0.32197907599821984
  0.33276013284082645  0.34372487034292742  0.35469171243028214  0.36539923405962110
  0.37627707994556053  0.38748098984975288  0.39881111001854597  0.40992576817577642
  0.42071037296452513  0.43119171826696795  0.44183685065953471  0.45235909991093803
  0.46286721276586862  0.47338586848131492  0.48420461425909345  0.49527129595387309
  0.50619506359587929  0.51699635573950620  0.52776621349673691  0.53852784712011470
  0.54903159625769871  0.55943952116338624  0.56977216343164350  0.58004806937226849
  0.59028266913390681  0.60043426857565851  0.61075778505967404  0.62117937950121105
  0.63177213676074406  0.64269010341756039  0.65366604389593497  0.66497431724469502
  0.67556930653483016  0.68640646501966962  0.69669718964966076  0.70711900874289857
  0.71774876432979084  0.72863170523490695  0.73985882716576901  0.75086950832038757
  0.76137906245917708  0.77181456337866006  0.78234466231567090  0.79291070929516982
  0.80325601646969136  0.81344393164510465  0.82371283482012669  0.83413771555881711
  0.84461500100159603  0.85503124337710801  0.86547558352931775  0.87591828589246712
  0.88645561258189454  0.89723374235493536  0.90785042569561147  0.91851010513382203
  0.92878085459877224  0.93913975429372831  0.94936322337873724  0.95934344346719069
  0.96945411086731248  0.97951865761562462  0.98974168303125853  1.00000000000000000
 -0.00636380050103400  0.03562804659332355  0.06080014822794212  0.08020908460569166
  0.09751202143838018  0.11311414758404781  0.12713236377881260  0.14013888695650217
  0.15264188294587278  0.16477191641668565  0.17651028906368368  0.18787621871945170
  0.19913901635193301  0.21002926446130729  0.22062455166734107  0.23108636790169748
  0.24152937168103519  0.25165921845491040  0.26150009720808953  0.27127338587774208
  0.28074985067784020  0.29013874984301796  0.29903050981833973  0.30770066815868885
  0.31637280167688753  0.32491720329315626  0.33348973434129636  0.34194810830376987
  0.35025627963173744  0.35825782478001267  0.36604872062885524  0.37378838454101443
  0.38142721203823188  0.38909245561371331  0.39676706111609322  0.40438034402323791
  0.41196617789301343  0.41959104273233494  0.42725439316918218  0.43489693478452796
  0.44243970081733541  0.44994732256354236  0.45757716122786102  0.46537397901760597
  0.47335216435550709  0.48107695127985678  0.48860946911523606  0.49596437499309348
  0.50352857504869175  0.51126614568700124  0.51902760562942540  0.52677508938437922
  0.53452226406690140  0.54227544653674564  0.55007503688839221  0.55789507659646054
  0.56568166102204809  0.57346437726104504  0.58122020560321130  0.58890709120561680
  0.59673080324377559  0.60475178389041573  0.61292838890952928  0.62100991325770238
  0.62882752204843306  0.63642625159319155  0.64411336677375008  0.65226600747250474
  0.66086505130149331  0.66966723053238730  0.67824722909919610  0.68674120435296360
  0.69535390047437162  0.70409602955821471  0.71295979628071537  0.72177058266626837
  0.73098816193248350  0.74049053104675522  0.75008381252751744  0.75983710410337357
  0.76991052920542580  0.78037477947598288  0.79122889136552388  0.80218074958681829
  0.81334947807231206  0.82465249109473004  0.83620154150095938  0.84806318609490872
  0.86030828298702322  0.87333544168674082  0.88718278121725380  0.90251106836400430
  0.91948336791058627  0.93859597191068078  0.96358999382568844  1.00000000000000000
 -0.00213399747394120  0.00913638334173666  0.01864614788792375  0.02867201789882455
  0.03874474913243414  0.04927281111749804  0.06003554970542392  0.07112404920191839
  0.08242659594933414  0.09347484679771656  0.10454596341265610  0.11536249790805422
  0.12608116454918808  0.13669744296761191  0.14727159428184414  0.15792126995909650
  0.16851618661224041  0.17905875874780197  0.18949724672292614  0.19992782139722678
  0.21041322950865124  0.22085814997586206  0.23118942011205604  0.24138102073580847
  0.25152846815983271  0.26190376865785786  0.27235618027424857  0.28280251501940618
  0.29328693075058354  0.30365265709721395  0.31411650174486860  0.32463381274430159
  0.33525167254196508  0.34569623940281802  0.35609016801638771  0.36646061031500821
  0.37684389863474893  0.38704842814457241  0.39753776295938031  0.40819568117822519
  0.41888106383821799  0.42942517540033259  0.44027586427451387  0.45145918783385541
  0.46266924778752738  0.47378799211919925  0.48485210391234246  0.49588872949184742
  0.50653168020953232  0.51679335951429561  0.52733486007854580  0.53788990132831671
  0.54840803289783546  0.55858228663321485  0.56909470336377688  0.58004037618837767
  0.59086223957760198  0.60166323993972226  0.61251188947399837  0.62330082626290906
  0.63389858311016001  0.64444012839040343  0.65500833388136215  0.66558839020930138
  0.67611890173291356  0.68648928082954874  0.69706171500235803  0.70782009167869009
  0.71846397888897784  0.72883884983299974  0.73891291430779527  0.74932548937099031
  0.75956057011716482  0.76991195707628068  0.78031976706010020  0.79098442863066276
  0.80168019338621432  0.81244207301647886  0.82334542237348673  0.83427335254678536
  0.84497158505150372  0.85541643799669631  0.86570251326177239  0.87592497518635948
  0.88615792554351558  0.89650961466519052  0.90690599629420610  0.91735976375215611
  0.92763686107078025  0.93805472495940345  0.94816388093923731  0.95837391010672268
  0.96894883194450165  0.97921469117172588  0.98982640779722764  1.00000000000000000
 -0.00103896339951003  0.00690545273803983  0.01489216769206570  0.02343142535398185
  0.03249786971844370  0.04177988188584153  0.05138883372248809  0.06123231555180878
  0.07144332643562298  0.08206079667811728  0.09298744944460895  0.10376945637624761
  0.11406805085051605  0.12419613753990594  0.13438854624223906  0.14463316395338888
  0.15500421716350279  0.16539472768745922  0.17560887905468608  0.18569636091282690
  0.19586514150379947  0.20615948700117709  0.21644206028429963  0.22680667385075062
  0.23744551136719569  0.24819804573182117  0.25871942817775379  0.26905191949083263
  0.27926282007944492  0.28957648900970584  0.30020817289346413  0.31108840816637173
  0.32184142983536079  0.33241882792720784  0.34308314034975518  0.35393454255163670
  0.36474618832509592  0.37532500432656024  0.38569667757893028  0.39623698144385305
  0.40711740059062107  0.41795007359031267  0.42843765111783721  0.43876530784900380
  0.44902131787202515  0.45913435308870071  0.46900288287245917  0.47892701756620848
  0.48939457253455398  0.50009065106877493  0.51067878153614166  0.52124537089944034
  0.53202389974023812  0.54290556483786589  0.55359638519135124  0.56403211269632492
  0.57446942069453377  0.58505979703813327  0.59578828040625831  0.60652706216596308
  0.61720944778661824  0.62781366549407447  0.63832544060868202  0.64874761015419991
  0.65916292893155737  0.66978991555645961  0.68074588405382763  0.69175152460544398
  0.70275193658030166  0.71395247940958328  0.72521912061271265  0.73616545741102957
  0.74679981436945797  0.75740021788185607  0.76786914885777979  0.77809581706628494
  0.78830083516428684  0.79869782674087175  0.80921807930087497  0.81979838179123121
  0.83035004377282917  0.84094166338349585  0.85146112045091138  0.86210242424181971
  0.87285270893713285  0.88362521590417320  0.89426158890584007  0.90477486900518256
  0.91535806673239128  0.92604116311142592  0.93704831200032002  0.94828130359518792
  0.95973217787682630  0.97151588405392519  0.98493191739764785  1.00000000000000000
 -0.01673895072601597  0.14659972509414532  0.20473857476309226  0.24280886060195259
  0.27020160622680267  0.29245890161992111  0.31161495463619415  0.32844740218774798
  0.34299686389090661  0.35658083265841806  0.36914186962451290  0.38109592977365286
  0.39245539399062546  0.40325064402890370  0.41346221477347417  0.42312328876741756
  0.43233391490140832  0.44111001702643504  0.44958808719331539  0.45782535478045122
  0.46581783975795449  0.47361907166808992  0.48121058183668658  0.48854881304303027
  0.49568429735571773  0.50257556582973428  0.50925297055554619  0.51579410548515869
  0.52226809150703124  0.52869028973653565  0.53498540714359599  0.54115808475636418
  0.54713433196661920  0.55303263374957667  0.55891789198620556  0.56470858637975685
  0.57021756141459190  0.57566292370814631  0.58109065036250740  0.58640117209517562
  0.59161263219914617  0.59675703577127559  0.60181825161567171  0.60680196496904371
  0.61174561577638376  0.61664942086220120  0.62156370254310289  0.62638729579048780
  0.63123122016991540  0.63611184771065465  0.64095195907757552  0.64591594980071643
  0.65081046195342040  0.65560285950366504  0.66035916538531636  0.66509806093613144
  0.66986147723217415  0.67467432635039026  0.67948269960963537  0.68427158301845337
  0.68898212228465283  0.69359579966362050  0.69816859012750487  0.70276120766667272
  0.70738423908376569  0.71202901450658862  0.71672937789636493  0.72149310582771231
  0.72631108816894852  0.73116856607664804  0.73596000458452282  0.74072019050532645
  0.74546719206170642  0.75031535220221379  0.75534390758395831  0.76052415654770489
  0.76575793012158178  0.77103677827473438  0.77655284782325362  0.78212171043694401
  0.78776848751473072  0.79371053139219627  0.79996703489224275  0.80642994593419726
  0.81298066685022008  0.81994261755944620  0.82708810806750921  0.83476494123927336
  0.84307886004715038  0.85196879503009681  0.86196763472202442  0.87319600145900023
  0.88674900792981026  0.90398868693479972  0.93164542698275121  1.00000000000000000
  1.06607516047922069E-006  -1.0000000000000000     
 T T T T F F F F F F F F T T T T T T T T F F F F F F F F T T T T
  <DiscreteSampler_grid>
  grouped_processes
  1 # 1 for a reference and 2 for a running grid.
  10 # Attribute 'min_bin_probing_points' of the grid.
  1 # Attribute 'grid_mode' of the grid. 1=='default',2=='initialization'
  0.0000000000000000 # Attribute 'small_contrib_threshold' of the grid.
  0.5000000000000000 # Attribute 'damping_power' of the grid.
 # binID   n_entries weight   weight_sqr   abs_weight
    13   10   1.794501365174440E+006   9.289936839634225E+012   1.794501365174440E+006
    14   10   1.794501365174440E+006   9.289936839634225E+012   1.794501365174440E+006
    16   10   5.993315844386323E+000   1.036237980075522E+002   5.993315844386323E+000
    17   10   5.993315844386321E+000   1.036237980075522E+002   5.993315844386321E+000
  </DiscreteSampler_grid>
