##& xmin & xmax & central value & dy & 

<histogram> 100 "log10d01 [] |X_AXIS@LIN |Y_AXIS@LOG |JETSAMPLE@0"
  +0.0000000e+00   +3.0000000e-02   +1.0726720e-10   +2.2504098e-12
  +3.0000000e-02   +6.0000000e-02   +1.1633280e-10   +2.3435781e-12
  +6.0000000e-02   +9.0000000e-02   +1.2388480e-10   +2.4184749e-12
  +9.0000000e-02   +1.2000000e-01   +1.2388480e-10   +2.4184749e-12
  +1.2000000e-01   +1.5000000e-01   +1.2388480e-10   +2.4184749e-12
  +1.5000000e-01   +1.8000000e-01   +1.1028800e-10   +2.2819184e-12
  +1.8000000e-01   +2.1000000e-01   +1.0424640e-10   +2.2185051e-12
  +2.1000000e-01   +2.4000000e-01   +1.4201600e-10   +2.5894250e-12
  +2.4000000e-01   +2.7000000e-01   +1.2690880e-10   +2.4477774e-12
  +2.7000000e-01   +3.0000000e-01   +8.7625600e-11   +2.0339785e-12
  +3.0000000e-01   +3.3000000e-01   +1.0877760e-10   +2.2661924e-12
  +3.3000000e-01   +3.6000000e-01   +1.3446080e-10   +2.5195629e-12
  +3.6000000e-01   +3.9000000e-01   +8.6115200e-11   +2.0163857e-12
  +3.9000000e-01   +4.2000000e-01   +1.1028800e-10   +2.2819184e-12
  +4.2000000e-01   +4.5000000e-01   +1.1633280e-10   +2.3435781e-12
  +4.5000000e-01   +4.8000000e-01   +1.1633280e-10   +2.3435781e-12
  +4.8000000e-01   +5.1000000e-01   +1.0424640e-10   +2.2185051e-12
  +5.1000000e-01   +5.4000000e-01   +1.2539840e-10   +2.4331827e-12
  +5.4000000e-01   +5.7000000e-01   +1.3597440e-10   +2.5337050e-12
  +5.7000000e-01   +6.0000000e-01   +1.1784320e-10   +2.3587385e-12
  +6.0000000e-01   +6.3000000e-01   +8.9139200e-11   +2.0514582e-12
  +6.3000000e-01   +6.6000000e-01   +1.1331200e-10   +2.3129180e-12
  +6.6000000e-01   +6.9000000e-01   +1.1179840e-10   +2.2974748e-12
  +6.9000000e-01   +7.2000000e-01   +8.3094400e-11   +1.9806909e-12
  +7.2000000e-01   +7.5000000e-01   +1.2086400e-10   +2.3887764e-12
  +7.5000000e-01   +7.8000000e-01   +9.6691200e-11   +2.1365939e-12
  +7.8000000e-01   +8.1000000e-01   +9.6691200e-11   +2.1365939e-12
  +8.1000000e-01   +8.4000000e-01   +1.0424640e-10   +2.2185051e-12
  +8.4000000e-01   +8.7000000e-01   +8.1584000e-11   +1.9625890e-12
  +8.7000000e-01   +9.0000000e-01   +7.2518400e-11   +1.8503570e-12
  +9.0000000e-01   +9.3000000e-01   +8.3094400e-11   +1.9806909e-12
  +9.3000000e-01   +9.6000000e-01   +5.5900800e-11   +1.6245354e-12
  +9.6000000e-01   +9.9000000e-01   +4.8345600e-11   +1.5108326e-12
  +9.9000000e-01   +1.0200000e+00   +5.1366400e-11   +1.5573320e-12
  +1.0200000e+00   +1.0500000e+00   +4.5324800e-11   +1.4628625e-12
  +1.0500000e+00   +1.0800000e+00   +2.7194560e-11   +1.1331245e-12
  +1.0800000e+00   +1.1100000e+00   +2.5683840e-11   +1.1011632e-12
  +1.1100000e+00   +1.1400000e+00   +1.9640640e-11   +9.6296630e-13
  +1.1400000e+00   +1.1700000e+00   +1.6618880e-11   +8.8580681e-13
  +1.1700000e+00   +1.2000000e+00   +1.8129600e-11   +9.2517851e-13
  +1.2000000e+00   +1.2300000e+00   +1.2086400e-11   +7.5541632e-13
  +1.2300000e+00   +1.2600000e+00   +9.0649600e-12   +6.5421519e-13
  +1.2600000e+00   +1.2900000e+00   +7.5539200e-12   +5.9719410e-13
  +1.2900000e+00   +1.3200000e+00   +1.8129600e-11   +9.2517851e-13
  +1.3200000e+00   +1.3500000e+00   +4.5324800e-12   +4.6258926e-13
  +1.3500000e+00   +1.3800000e+00   +6.0432000e-12   +5.3415412e-13
  +1.3800000e+00   +1.4100000e+00   +1.5108160e-12   +2.6707706e-13
  +1.4100000e+00   +1.4400000e+00   +1.5108160e-12   +2.6707706e-13
  +1.4400000e+00   +1.4700000e+00   +1.5108160e-12   +2.6707706e-13
  +1.4700000e+00   +1.5000000e+00   +4.5324800e-12   +4.6258926e-13
  +1.5000000e+00   +1.5300000e+00   +0.0000000e+00   +0.0000000e+00
  +1.5300000e+00   +1.5600000e+00   +0.0000000e+00   +0.0000000e+00
  +1.5600000e+00   +1.5900000e+00   +0.0000000e+00   +0.0000000e+00
  +1.5900000e+00   +1.6200000e+00   +0.0000000e+00   +0.0000000e+00
  +1.6200000e+00   +1.6500000e+00   +3.0216320e-12   +3.7770250e-13
  +1.6500000e+00   +1.6800000e+00   +0.0000000e+00   +0.0000000e+00
  +1.6800000e+00   +1.7100000e+00   +0.0000000e+00   +0.0000000e+00
  +1.7100000e+00   +1.7400000e+00   +0.0000000e+00   +0.0000000e+00
  +1.7400000e+00   +1.7700000e+00   +0.0000000e+00   +0.0000000e+00
  +1.7700000e+00   +1.8000000e+00   +0.0000000e+00   +0.0000000e+00
  +1.8000000e+00   +1.8300000e+00   +0.0000000e+00   +0.0000000e+00
  +1.8300000e+00   +1.8600000e+00   +0.0000000e+00   +0.0000000e+00
  +1.8600000e+00   +1.8900000e+00   +0.0000000e+00   +0.0000000e+00
  +1.8900000e+00   +1.9200000e+00   +0.0000000e+00   +0.0000000e+00
  +1.9200000e+00   +1.9500000e+00   +0.0000000e+00   +0.0000000e+00
  +1.9500000e+00   +1.9800000e+00   +0.0000000e+00   +0.0000000e+00
  +1.9800000e+00   +2.0100000e+00   +0.0000000e+00   +0.0000000e+00
  +2.0100000e+00   +2.0400000e+00   +0.0000000e+00   +0.0000000e+00
  +2.0400000e+00   +2.0700000e+00   +0.0000000e+00   +0.0000000e+00
  +2.0700000e+00   +2.1000000e+00   +0.0000000e+00   +0.0000000e+00
  +2.1000000e+00   +2.1300000e+00   +0.0000000e+00   +0.0000000e+00
  +2.1300000e+00   +2.1600000e+00   +0.0000000e+00   +0.0000000e+00
  +2.1600000e+00   +2.1900000e+00   +0.0000000e+00   +0.0000000e+00
  +2.1900000e+00   +2.2200000e+00   +0.0000000e+00   +0.0000000e+00
  +2.2200000e+00   +2.2500000e+00   +0.0000000e+00   +0.0000000e+00
  +2.2500000e+00   +2.2800000e+00   +0.0000000e+00   +0.0000000e+00
  +2.2800000e+00   +2.3100000e+00   +0.0000000e+00   +0.0000000e+00
  +2.3100000e+00   +2.3400000e+00   +0.0000000e+00   +0.0000000e+00
  +2.3400000e+00   +2.3700000e+00   +0.0000000e+00   +0.0000000e+00
  +2.3700000e+00   +2.4000000e+00   +0.0000000e+00   +0.0000000e+00
  +2.4000000e+00   +2.4300000e+00   +0.0000000e+00   +0.0000000e+00
  +2.4300000e+00   +2.4600000e+00   +0.0000000e+00   +0.0000000e+00
  +2.4600000e+00   +2.4900000e+00   +0.0000000e+00   +0.0000000e+00
  +2.4900000e+00   +2.5200000e+00   +0.0000000e+00   +0.0000000e+00
  +2.5200000e+00   +2.5500000e+00   +0.0000000e+00   +0.0000000e+00
  +2.5500000e+00   +2.5800000e+00   +0.0000000e+00   +0.0000000e+00
  +2.5800000e+00   +2.6100000e+00   +0.0000000e+00   +0.0000000e+00
  +2.6100000e+00   +2.6400000e+00   +0.0000000e+00   +0.0000000e+00
  +2.6400000e+00   +2.6700000e+00   +0.0000000e+00   +0.0000000e+00
  +2.6700000e+00   +2.7000000e+00   +0.0000000e+00   +0.0000000e+00
  +2.7000000e+00   +2.7300000e+00   +0.0000000e+00   +0.0000000e+00
  +2.7300000e+00   +2.7600000e+00   +0.0000000e+00   +0.0000000e+00
  +2.7600000e+00   +2.7900000e+00   +0.0000000e+00   +0.0000000e+00
  +2.7900000e+00   +2.8200000e+00   +0.0000000e+00   +0.0000000e+00
  +2.8200000e+00   +2.8500000e+00   +0.0000000e+00   +0.0000000e+00
  +2.8500000e+00   +2.8800000e+00   +0.0000000e+00   +0.0000000e+00
  +2.8800000e+00   +2.9100000e+00   +0.0000000e+00   +0.0000000e+00
  +2.9100000e+00   +2.9400000e+00   +0.0000000e+00   +0.0000000e+00
  +2.9400000e+00   +2.9700000e+00   +0.0000000e+00   +0.0000000e+00
  +2.9700000e+00   +3.0000000e+00   +0.0000000e+00   +0.0000000e+00
<\histogram>
##& xmin & xmax & central value & dy & 

<histogram> 100 "log10d12 [] |X_AXIS@LIN |Y_AXIS@LOG |JETSAMPLE@0"
  +0.0000000e+00   +3.0000000e-02   +1.1784320e-10   +2.3587385e-12
  +3.0000000e-02   +6.0000000e-02   +1.1633280e-10   +2.3435781e-12
  +6.0000000e-02   +9.0000000e-02   +1.4050560e-10   +2.5755657e-12
  +9.0000000e-02   +1.2000000e-01   +1.2388480e-10   +2.4184749e-12
  +1.2000000e-01   +1.5000000e-01   +1.4050560e-10   +2.5755657e-12
  +1.5000000e-01   +1.8000000e-01   +1.2841920e-10   +2.4623155e-12
  +1.8000000e-01   +2.1000000e-01   +1.2086400e-10   +2.3887764e-12
  +2.1000000e-01   +2.4000000e-01   +1.2237440e-10   +2.4037105e-12
  +2.4000000e-01   +2.7000000e-01   +1.0726720e-10   +2.2504098e-12
  +2.7000000e-01   +3.0000000e-01   +1.1179840e-10   +2.2974748e-12
  +3.0000000e-01   +3.3000000e-01   +1.2690880e-10   +2.4477774e-12
  +3.3000000e-01   +3.6000000e-01   +1.2388480e-10   +2.4184749e-12
  +3.6000000e-01   +3.9000000e-01   +1.1482240e-10   +2.3283046e-12
  +3.9000000e-01   +4.2000000e-01   +1.3597440e-10   +2.5337050e-12
  +4.2000000e-01   +4.5000000e-01   +1.0726720e-10   +2.2504098e-12
  +4.5000000e-01   +4.8000000e-01   +1.1935360e-10   +2.3738423e-12
  +4.8000000e-01   +5.1000000e-01   +1.3144000e-10   +2.4911089e-12
  +5.1000000e-01   +5.4000000e-01   +9.6691200e-11   +2.1365939e-12
  +5.4000000e-01   +5.7000000e-01   +8.4604800e-11   +1.9986232e-12
  +5.7000000e-01   +6.0000000e-01   +8.0073600e-11   +1.9443174e-12
  +6.0000000e-01   +6.3000000e-01   +9.5180800e-11   +2.1198496e-12
  +6.3000000e-01   +6.6000000e-01   +1.0575680e-10   +2.2345140e-12
  +6.6000000e-01   +6.9000000e-01   +8.6115200e-11   +2.0163857e-12
  +6.9000000e-01   +7.2000000e-01   +9.2160000e-11   +2.0859084e-12
  +7.2000000e-01   +7.5000000e-01   +7.4028800e-11   +1.8695338e-12
  +7.5000000e-01   +7.8000000e-01   +8.7625600e-11   +2.0339785e-12
  +7.8000000e-01   +8.1000000e-01   +6.9497600e-11   +1.8113813e-12
  +8.1000000e-01   +8.4000000e-01   +6.4966400e-11   +1.7513621e-12
  +8.4000000e-01   +8.7000000e-01   +4.2304000e-11   +1.4132519e-12
  +8.7000000e-01   +9.0000000e-01   +3.6259200e-11   +1.3083738e-12
  +9.0000000e-01   +9.3000000e-01   +3.1727040e-11   +1.2239170e-12
  +9.3000000e-01   +9.6000000e-01   +3.6259200e-11   +1.3083738e-12
  +9.6000000e-01   +9.9000000e-01   +2.5683840e-11   +1.1011632e-12
  +9.9000000e-01   +1.0200000e+00   +1.8129600e-11   +9.2517851e-13
  +1.0200000e+00   +1.0500000e+00   +6.0432000e-12   +5.3415412e-13
  +1.0500000e+00   +1.0800000e+00   +7.5539200e-12   +5.9719410e-13
  +1.0800000e+00   +1.1100000e+00   +4.5324800e-12   +4.6258926e-13
  +1.1100000e+00   +1.1400000e+00   +1.5108160e-12   +2.6707706e-13
  +1.1400000e+00   +1.1700000e+00   +3.0216320e-12   +3.7770250e-13
  +1.1700000e+00   +1.2000000e+00   +7.5539200e-12   +5.9719410e-13
  +1.2000000e+00   +1.2300000e+00   +1.0575680e-11   +7.0659766e-13
  +1.2300000e+00   +1.2600000e+00   +3.0216320e-12   +3.7770250e-13
  +1.2600000e+00   +1.2900000e+00   +0.0000000e+00   +0.0000000e+00
  +1.2900000e+00   +1.3200000e+00   +1.5108160e-12   +2.6707706e-13
  +1.3200000e+00   +1.3500000e+00   +0.0000000e+00   +0.0000000e+00
  +1.3500000e+00   +1.3800000e+00   +0.0000000e+00   +0.0000000e+00
  +1.3800000e+00   +1.4100000e+00   +1.5108160e-12   +2.6707706e-13
  +1.4100000e+00   +1.4400000e+00   +0.0000000e+00   +0.0000000e+00
  +1.4400000e+00   +1.4700000e+00   +1.5108160e-12   +2.6707706e-13
  +1.4700000e+00   +1.5000000e+00   +0.0000000e+00   +0.0000000e+00
  +1.5000000e+00   +1.5300000e+00   +0.0000000e+00   +0.0000000e+00
  +1.5300000e+00   +1.5600000e+00   +0.0000000e+00   +0.0000000e+00
  +1.5600000e+00   +1.5900000e+00   +0.0000000e+00   +0.0000000e+00
  +1.5900000e+00   +1.6200000e+00   +0.0000000e+00   +0.0000000e+00
  +1.6200000e+00   +1.6500000e+00   +0.0000000e+00   +0.0000000e+00
  +1.6500000e+00   +1.6800000e+00   +0.0000000e+00   +0.0000000e+00
  +1.6800000e+00   +1.7100000e+00   +0.0000000e+00   +0.0000000e+00
  +1.7100000e+00   +1.7400000e+00   +0.0000000e+00   +0.0000000e+00
  +1.7400000e+00   +1.7700000e+00   +0.0000000e+00   +0.0000000e+00
  +1.7700000e+00   +1.8000000e+00   +0.0000000e+00   +0.0000000e+00
  +1.8000000e+00   +1.8300000e+00   +0.0000000e+00   +0.0000000e+00
  +1.8300000e+00   +1.8600000e+00   +0.0000000e+00   +0.0000000e+00
  +1.8600000e+00   +1.8900000e+00   +0.0000000e+00   +0.0000000e+00
  +1.8900000e+00   +1.9200000e+00   +0.0000000e+00   +0.0000000e+00
  +1.9200000e+00   +1.9500000e+00   +0.0000000e+00   +0.0000000e+00
  +1.9500000e+00   +1.9800000e+00   +0.0000000e+00   +0.0000000e+00
  +1.9800000e+00   +2.0100000e+00   +0.0000000e+00   +0.0000000e+00
  +2.0100000e+00   +2.0400000e+00   +0.0000000e+00   +0.0000000e+00
  +2.0400000e+00   +2.0700000e+00   +0.0000000e+00   +0.0000000e+00
  +2.0700000e+00   +2.1000000e+00   +0.0000000e+00   +0.0000000e+00
  +2.1000000e+00   +2.1300000e+00   +0.0000000e+00   +0.0000000e+00
  +2.1300000e+00   +2.1600000e+00   +0.0000000e+00   +0.0000000e+00
  +2.1600000e+00   +2.1900000e+00   +0.0000000e+00   +0.0000000e+00
  +2.1900000e+00   +2.2200000e+00   +0.0000000e+00   +0.0000000e+00
  +2.2200000e+00   +2.2500000e+00   +0.0000000e+00   +0.0000000e+00
  +2.2500000e+00   +2.2800000e+00   +0.0000000e+00   +0.0000000e+00
  +2.2800000e+00   +2.3100000e+00   +0.0000000e+00   +0.0000000e+00
  +2.3100000e+00   +2.3400000e+00   +0.0000000e+00   +0.0000000e+00
  +2.3400000e+00   +2.3700000e+00   +0.0000000e+00   +0.0000000e+00
  +2.3700000e+00   +2.4000000e+00   +0.0000000e+00   +0.0000000e+00
  +2.4000000e+00   +2.4300000e+00   +0.0000000e+00   +0.0000000e+00
  +2.4300000e+00   +2.4600000e+00   +0.0000000e+00   +0.0000000e+00
  +2.4600000e+00   +2.4900000e+00   +0.0000000e+00   +0.0000000e+00
  +2.4900000e+00   +2.5200000e+00   +0.0000000e+00   +0.0000000e+00
  +2.5200000e+00   +2.5500000e+00   +0.0000000e+00   +0.0000000e+00
  +2.5500000e+00   +2.5800000e+00   +0.0000000e+00   +0.0000000e+00
  +2.5800000e+00   +2.6100000e+00   +0.0000000e+00   +0.0000000e+00
  +2.6100000e+00   +2.6400000e+00   +0.0000000e+00   +0.0000000e+00
  +2.6400000e+00   +2.6700000e+00   +0.0000000e+00   +0.0000000e+00
  +2.6700000e+00   +2.7000000e+00   +0.0000000e+00   +0.0000000e+00
  +2.7000000e+00   +2.7300000e+00   +0.0000000e+00   +0.0000000e+00
  +2.7300000e+00   +2.7600000e+00   +0.0000000e+00   +0.0000000e+00
  +2.7600000e+00   +2.7900000e+00   +0.0000000e+00   +0.0000000e+00
  +2.7900000e+00   +2.8200000e+00   +0.0000000e+00   +0.0000000e+00
  +2.8200000e+00   +2.8500000e+00   +0.0000000e+00   +0.0000000e+00
  +2.8500000e+00   +2.8800000e+00   +0.0000000e+00   +0.0000000e+00
  +2.8800000e+00   +2.9100000e+00   +0.0000000e+00   +0.0000000e+00
  +2.9100000e+00   +2.9400000e+00   +0.0000000e+00   +0.0000000e+00
  +2.9400000e+00   +2.9700000e+00   +0.0000000e+00   +0.0000000e+00
  +2.9700000e+00   +3.0000000e+00   +0.0000000e+00   +0.0000000e+00
<\histogram>


##& xmin & xmax & central value & dy & 

<histogram> 100 "log10d23 [] |X_AXIS@LIN |Y_AXIS@LOG |JETSAMPLE@0"
  +0.0000000e+00   +3.0000000e-02   +1.2086400e-10   +2.3887764e-12
  +3.0000000e-02   +6.0000000e-02   +1.6316800e-10   +2.7755355e-12
  +6.0000000e-02   +9.0000000e-02   +1.3446080e-10   +2.5195629e-12
  +9.0000000e-02   +1.2000000e-01   +1.3899520e-10   +2.5617064e-12
  +1.2000000e-01   +1.5000000e-01   +1.2388480e-10   +2.4184749e-12
  +1.5000000e-01   +1.8000000e-01   +1.1179840e-10   +2.2974748e-12
  +1.8000000e-01   +2.1000000e-01   +1.1331200e-10   +2.3129180e-12
  +2.1000000e-01   +2.4000000e-01   +1.0273600e-10   +2.2023831e-12
  +2.4000000e-01   +2.7000000e-01   +1.2539840e-10   +2.4331827e-12
  +2.7000000e-01   +3.0000000e-01   +1.1482240e-10   +2.3283046e-12
  +3.0000000e-01   +3.3000000e-01   +1.2086400e-10   +2.3887764e-12
  +3.3000000e-01   +3.6000000e-01   +1.2086400e-10   +2.3887764e-12
  +3.6000000e-01   +3.9000000e-01   +1.1179840e-10   +2.2974748e-12
  +3.9000000e-01   +4.2000000e-01   +1.0575680e-10   +2.2345140e-12
  +4.2000000e-01   +4.5000000e-01   +1.0726720e-10   +2.2504098e-12
  +4.5000000e-01   +4.8000000e-01   +1.0726720e-10   +2.2504098e-12
  +4.8000000e-01   +5.1000000e-01   +9.8201600e-11   +2.1532250e-12
  +5.1000000e-01   +5.4000000e-01   +9.0649600e-11   +2.0687682e-12
  +5.4000000e-01   +5.7000000e-01   +8.6115200e-11   +2.0163857e-12
  +5.7000000e-01   +6.0000000e-01   +8.9139200e-11   +2.0514582e-12
  +6.0000000e-01   +6.3000000e-01   +1.0273600e-10   +2.2023831e-12
  +6.3000000e-01   +6.6000000e-01   +8.4604800e-11   +1.9986232e-12
  +6.6000000e-01   +6.9000000e-01   +7.7052800e-11   +1.9073215e-12
  +6.9000000e-01   +7.2000000e-01   +6.7987200e-11   +1.7915823e-12
  +7.2000000e-01   +7.5000000e-01   +6.6476800e-11   +1.7715570e-12
  +7.5000000e-01   +7.8000000e-01   +4.5324800e-11   +1.4628625e-12
  +7.8000000e-01   +8.1000000e-01   +5.7411200e-11   +1.6463709e-12
  +8.1000000e-01   +8.4000000e-01   +3.1727040e-11   +1.2239170e-12
  +8.4000000e-01   +8.7000000e-01   +3.3238400e-11   +1.2527104e-12
  +8.7000000e-01   +9.0000000e-01   +2.2662080e-11   +1.0343558e-12
  +9.0000000e-01   +9.3000000e-01   +1.8129600e-11   +9.2517851e-13
  +9.3000000e-01   +9.6000000e-01   +1.5108160e-11   +8.4456834e-13
  +9.6000000e-01   +9.9000000e-01   +6.0432000e-12   +5.3415412e-13
  +9.9000000e-01   +1.0200000e+00   +6.0432000e-12   +5.3415412e-13
  +1.0200000e+00   +1.0500000e+00   +4.5324800e-12   +4.6258926e-13
  +1.0500000e+00   +1.0800000e+00   +0.0000000e+00   +0.0000000e+00
  +1.0800000e+00   +1.1100000e+00   +0.0000000e+00   +0.0000000e+00
  +1.1100000e+00   +1.1400000e+00   +1.5108160e-12   +2.6707706e-13
  +1.1400000e+00   +1.1700000e+00   +1.5108160e-12   +2.6707706e-13
  +1.1700000e+00   +1.2000000e+00   +4.5324800e-12   +4.6258926e-13
  +1.2000000e+00   +1.2300000e+00   +3.0216320e-12   +3.7770250e-13
  +1.2300000e+00   +1.2600000e+00   +1.5108160e-12   +2.6707706e-13
  +1.2600000e+00   +1.2900000e+00   +0.0000000e+00   +0.0000000e+00
  +1.2900000e+00   +1.3200000e+00   +0.0000000e+00   +0.0000000e+00
  +1.3200000e+00   +1.3500000e+00   +0.0000000e+00   +0.0000000e+00
  +1.3500000e+00   +1.3800000e+00   +1.5108160e-12   +2.6707706e-13
  +1.3800000e+00   +1.4100000e+00   +0.0000000e+00   +0.0000000e+00
  +1.4100000e+00   +1.4400000e+00   +0.0000000e+00   +0.0000000e+00
  +1.4400000e+00   +1.4700000e+00   +0.0000000e+00   +0.0000000e+00
  +1.4700000e+00   +1.5000000e+00   +0.0000000e+00   +0.0000000e+00
  +1.5000000e+00   +1.5300000e+00   +0.0000000e+00   +0.0000000e+00
  +1.5300000e+00   +1.5600000e+00   +0.0000000e+00   +0.0000000e+00
  +1.5600000e+00   +1.5900000e+00   +0.0000000e+00   +0.0000000e+00
  +1.5900000e+00   +1.6200000e+00   +0.0000000e+00   +0.0000000e+00
  +1.6200000e+00   +1.6500000e+00   +0.0000000e+00   +0.0000000e+00
  +1.6500000e+00   +1.6800000e+00   +0.0000000e+00   +0.0000000e+00
  +1.6800000e+00   +1.7100000e+00   +0.0000000e+00   +0.0000000e+00
  +1.7100000e+00   +1.7400000e+00   +0.0000000e+00   +0.0000000e+00
  +1.7400000e+00   +1.7700000e+00   +0.0000000e+00   +0.0000000e+00
  +1.7700000e+00   +1.8000000e+00   +0.0000000e+00   +0.0000000e+00
  +1.8000000e+00   +1.8300000e+00   +0.0000000e+00   +0.0000000e+00
  +1.8300000e+00   +1.8600000e+00   +0.0000000e+00   +0.0000000e+00
  +1.8600000e+00   +1.8900000e+00   +0.0000000e+00   +0.0000000e+00
  +1.8900000e+00   +1.9200000e+00   +0.0000000e+00   +0.0000000e+00
  +1.9200000e+00   +1.9500000e+00   +0.0000000e+00   +0.0000000e+00
  +1.9500000e+00   +1.9800000e+00   +0.0000000e+00   +0.0000000e+00
  +1.9800000e+00   +2.0100000e+00   +0.0000000e+00   +0.0000000e+00
  +2.0100000e+00   +2.0400000e+00   +0.0000000e+00   +0.0000000e+00
  +2.0400000e+00   +2.0700000e+00   +0.0000000e+00   +0.0000000e+00
  +2.0700000e+00   +2.1000000e+00   +0.0000000e+00   +0.0000000e+00
  +2.1000000e+00   +2.1300000e+00   +0.0000000e+00   +0.0000000e+00
  +2.1300000e+00   +2.1600000e+00   +0.0000000e+00   +0.0000000e+00
  +2.1600000e+00   +2.1900000e+00   +0.0000000e+00   +0.0000000e+00
  +2.1900000e+00   +2.2200000e+00   +0.0000000e+00   +0.0000000e+00
  +2.2200000e+00   +2.2500000e+00   +0.0000000e+00   +0.0000000e+00
  +2.2500000e+00   +2.2800000e+00   +0.0000000e+00   +0.0000000e+00
  +2.2800000e+00   +2.3100000e+00   +0.0000000e+00   +0.0000000e+00
  +2.3100000e+00   +2.3400000e+00   +0.0000000e+00   +0.0000000e+00
  +2.3400000e+00   +2.3700000e+00   +0.0000000e+00   +0.0000000e+00
  +2.3700000e+00   +2.4000000e+00   +0.0000000e+00   +0.0000000e+00
  +2.4000000e+00   +2.4300000e+00   +0.0000000e+00   +0.0000000e+00
  +2.4300000e+00   +2.4600000e+00   +0.0000000e+00   +0.0000000e+00
  +2.4600000e+00   +2.4900000e+00   +0.0000000e+00   +0.0000000e+00
  +2.4900000e+00   +2.5200000e+00   +0.0000000e+00   +0.0000000e+00
  +2.5200000e+00   +2.5500000e+00   +0.0000000e+00   +0.0000000e+00
  +2.5500000e+00   +2.5800000e+00   +0.0000000e+00   +0.0000000e+00
  +2.5800000e+00   +2.6100000e+00   +0.0000000e+00   +0.0000000e+00
  +2.6100000e+00   +2.6400000e+00   +0.0000000e+00   +0.0000000e+00
  +2.6400000e+00   +2.6700000e+00   +0.0000000e+00   +0.0000000e+00
  +2.6700000e+00   +2.7000000e+00   +0.0000000e+00   +0.0000000e+00
  +2.7000000e+00   +2.7300000e+00   +0.0000000e+00   +0.0000000e+00
  +2.7300000e+00   +2.7600000e+00   +0.0000000e+00   +0.0000000e+00
  +2.7600000e+00   +2.7900000e+00   +0.0000000e+00   +0.0000000e+00
  +2.7900000e+00   +2.8200000e+00   +0.0000000e+00   +0.0000000e+00
  +2.8200000e+00   +2.8500000e+00   +0.0000000e+00   +0.0000000e+00
  +2.8500000e+00   +2.8800000e+00   +0.0000000e+00   +0.0000000e+00
  +2.8800000e+00   +2.9100000e+00   +0.0000000e+00   +0.0000000e+00
  +2.9100000e+00   +2.9400000e+00   +0.0000000e+00   +0.0000000e+00
  +2.9400000e+00   +2.9700000e+00   +0.0000000e+00   +0.0000000e+00
  +2.9700000e+00   +3.0000000e+00   +0.0000000e+00   +0.0000000e+00
<\histogram>


##& xmin & xmax & central value & dy & 

<histogram> 100 "log10d34 [] |X_AXIS@LIN |Y_AXIS@LOG |JETSAMPLE@0"
  +0.0000000e+00   +3.0000000e-02   +1.3899520e-10   +2.5617064e-12
  +3.0000000e-02   +6.0000000e-02   +1.5108160e-10   +2.6707706e-12
  +6.0000000e-02   +9.0000000e-02   +1.4806080e-10   +2.6439005e-12
  +9.0000000e-02   +1.2000000e-01   +1.2992960e-10   +2.4767405e-12
  +1.2000000e-01   +1.5000000e-01   +1.0575680e-10   +2.2345140e-12
  +1.5000000e-01   +1.8000000e-01   +1.2992960e-10   +2.4767405e-12
  +1.8000000e-01   +2.1000000e-01   +1.0726720e-10   +2.2504098e-12
  +2.1000000e-01   +2.4000000e-01   +1.0726720e-10   +2.2504098e-12
  +2.4000000e-01   +2.7000000e-01   +1.1482240e-10   +2.3283046e-12
  +2.7000000e-01   +3.0000000e-01   +1.1935360e-10   +2.3738423e-12
  +3.0000000e-01   +3.3000000e-01   +8.9139200e-11   +2.0514582e-12
  +3.3000000e-01   +3.6000000e-01   +1.0877760e-10   +2.2661924e-12
  +3.6000000e-01   +3.9000000e-01   +1.1633280e-10   +2.3435781e-12
  +3.9000000e-01   +4.2000000e-01   +1.0122560e-10   +2.1860913e-12
  +4.2000000e-01   +4.5000000e-01   +9.6691200e-11   +2.1365939e-12
  +4.5000000e-01   +4.8000000e-01   +9.3670400e-11   +2.1029356e-12
  +4.8000000e-01   +5.1000000e-01   +9.9712000e-11   +2.1697430e-12
  +5.1000000e-01   +5.4000000e-01   +8.4604800e-11   +1.9986232e-12
  +5.4000000e-01   +5.7000000e-01   +8.1584000e-11   +1.9625890e-12
  +5.7000000e-01   +6.0000000e-01   +1.0122560e-10   +2.1860913e-12
  +6.0000000e-01   +6.3000000e-01   +7.2518400e-11   +1.8503570e-12
  +6.3000000e-01   +6.6000000e-01   +5.8921600e-11   +1.6678669e-12
  +6.6000000e-01   +6.9000000e-01   +7.1008000e-11   +1.8309540e-12
  +6.9000000e-01   +7.2000000e-01   +5.4390400e-11   +1.6024737e-12
  +7.2000000e-01   +7.5000000e-01   +5.2876800e-11   +1.5800160e-12
  +7.5000000e-01   +7.8000000e-01   +4.6835200e-11   +1.4870173e-12
  +7.8000000e-01   +8.1000000e-01   +1.8129600e-11   +9.2517851e-13
  +8.1000000e-01   +8.4000000e-01   +2.2662080e-11   +1.0343558e-12
  +8.4000000e-01   +8.7000000e-01   +2.1151360e-11   +9.9928330e-13
  +8.7000000e-01   +9.0000000e-01   +1.3597440e-11   +8.0123684e-13
  +9.0000000e-01   +9.3000000e-01   +6.0432000e-12   +5.3415412e-13
  +9.3000000e-01   +9.6000000e-01   +3.0216320e-12   +3.7770250e-13
  +9.6000000e-01   +9.9000000e-01   +4.5324800e-12   +4.6258926e-13
  +9.9000000e-01   +1.0200000e+00   +4.5324800e-12   +4.6258926e-13
  +1.0200000e+00   +1.0500000e+00   +3.0216320e-12   +3.7770250e-13
  +1.0500000e+00   +1.0800000e+00   +0.0000000e+00   +0.0000000e+00
  +1.0800000e+00   +1.1100000e+00   +3.0216320e-12   +3.7770250e-13
  +1.1100000e+00   +1.1400000e+00   +1.5108160e-12   +2.6707706e-13
  +1.1400000e+00   +1.1700000e+00   +0.0000000e+00   +0.0000000e+00
  +1.1700000e+00   +1.2000000e+00   +0.0000000e+00   +0.0000000e+00
  +1.2000000e+00   +1.2300000e+00   +0.0000000e+00   +0.0000000e+00
  +1.2300000e+00   +1.2600000e+00   +1.5108160e-12   +2.6707706e-13
  +1.2600000e+00   +1.2900000e+00   +0.0000000e+00   +0.0000000e+00
  +1.2900000e+00   +1.3200000e+00   +0.0000000e+00   +0.0000000e+00
  +1.3200000e+00   +1.3500000e+00   +0.0000000e+00   +0.0000000e+00
  +1.3500000e+00   +1.3800000e+00   +0.0000000e+00   +0.0000000e+00
  +1.3800000e+00   +1.4100000e+00   +0.0000000e+00   +0.0000000e+00
  +1.4100000e+00   +1.4400000e+00   +0.0000000e+00   +0.0000000e+00
  +1.4400000e+00   +1.4700000e+00   +0.0000000e+00   +0.0000000e+00
  +1.4700000e+00   +1.5000000e+00   +0.0000000e+00   +0.0000000e+00
  +1.5000000e+00   +1.5300000e+00   +0.0000000e+00   +0.0000000e+00
  +1.5300000e+00   +1.5600000e+00   +0.0000000e+00   +0.0000000e+00
  +1.5600000e+00   +1.5900000e+00   +0.0000000e+00   +0.0000000e+00
  +1.5900000e+00   +1.6200000e+00   +0.0000000e+00   +0.0000000e+00
  +1.6200000e+00   +1.6500000e+00   +0.0000000e+00   +0.0000000e+00
  +1.6500000e+00   +1.6800000e+00   +0.0000000e+00   +0.0000000e+00
  +1.6800000e+00   +1.7100000e+00   +0.0000000e+00   +0.0000000e+00
  +1.7100000e+00   +1.7400000e+00   +0.0000000e+00   +0.0000000e+00
  +1.7400000e+00   +1.7700000e+00   +0.0000000e+00   +0.0000000e+00
  +1.7700000e+00   +1.8000000e+00   +0.0000000e+00   +0.0000000e+00
  +1.8000000e+00   +1.8300000e+00   +0.0000000e+00   +0.0000000e+00
  +1.8300000e+00   +1.8600000e+00   +0.0000000e+00   +0.0000000e+00
  +1.8600000e+00   +1.8900000e+00   +0.0000000e+00   +0.0000000e+00
  +1.8900000e+00   +1.9200000e+00   +0.0000000e+00   +0.0000000e+00
  +1.9200000e+00   +1.9500000e+00   +0.0000000e+00   +0.0000000e+00
  +1.9500000e+00   +1.9800000e+00   +0.0000000e+00   +0.0000000e+00
  +1.9800000e+00   +2.0100000e+00   +0.0000000e+00   +0.0000000e+00
  +2.0100000e+00   +2.0400000e+00   +0.0000000e+00   +0.0000000e+00
  +2.0400000e+00   +2.0700000e+00   +0.0000000e+00   +0.0000000e+00
  +2.0700000e+00   +2.1000000e+00   +0.0000000e+00   +0.0000000e+00
  +2.1000000e+00   +2.1300000e+00   +0.0000000e+00   +0.0000000e+00
  +2.1300000e+00   +2.1600000e+00   +0.0000000e+00   +0.0000000e+00
  +2.1600000e+00   +2.1900000e+00   +0.0000000e+00   +0.0000000e+00
  +2.1900000e+00   +2.2200000e+00   +0.0000000e+00   +0.0000000e+00
  +2.2200000e+00   +2.2500000e+00   +0.0000000e+00   +0.0000000e+00
  +2.2500000e+00   +2.2800000e+00   +0.0000000e+00   +0.0000000e+00
  +2.2800000e+00   +2.3100000e+00   +0.0000000e+00   +0.0000000e+00
  +2.3100000e+00   +2.3400000e+00   +0.0000000e+00   +0.0000000e+00
  +2.3400000e+00   +2.3700000e+00   +0.0000000e+00   +0.0000000e+00
  +2.3700000e+00   +2.4000000e+00   +0.0000000e+00   +0.0000000e+00
  +2.4000000e+00   +2.4300000e+00   +0.0000000e+00   +0.0000000e+00
  +2.4300000e+00   +2.4600000e+00   +0.0000000e+00   +0.0000000e+00
  +2.4600000e+00   +2.4900000e+00   +0.0000000e+00   +0.0000000e+00
  +2.4900000e+00   +2.5200000e+00   +0.0000000e+00   +0.0000000e+00
  +2.5200000e+00   +2.5500000e+00   +0.0000000e+00   +0.0000000e+00
  +2.5500000e+00   +2.5800000e+00   +0.0000000e+00   +0.0000000e+00
  +2.5800000e+00   +2.6100000e+00   +0.0000000e+00   +0.0000000e+00
  +2.6100000e+00   +2.6400000e+00   +0.0000000e+00   +0.0000000e+00
  +2.6400000e+00   +2.6700000e+00   +0.0000000e+00   +0.0000000e+00
  +2.6700000e+00   +2.7000000e+00   +0.0000000e+00   +0.0000000e+00
  +2.7000000e+00   +2.7300000e+00   +0.0000000e+00   +0.0000000e+00
  +2.7300000e+00   +2.7600000e+00   +0.0000000e+00   +0.0000000e+00
  +2.7600000e+00   +2.7900000e+00   +0.0000000e+00   +0.0000000e+00
  +2.7900000e+00   +2.8200000e+00   +0.0000000e+00   +0.0000000e+00
  +2.8200000e+00   +2.8500000e+00   +0.0000000e+00   +0.0000000e+00
  +2.8500000e+00   +2.8800000e+00   +0.0000000e+00   +0.0000000e+00
  +2.8800000e+00   +2.9100000e+00   +0.0000000e+00   +0.0000000e+00
  +2.9100000e+00   +2.9400000e+00   +0.0000000e+00   +0.0000000e+00
  +2.9400000e+00   +2.9700000e+00   +0.0000000e+00   +0.0000000e+00
  +2.9700000e+00   +3.0000000e+00   +0.0000000e+00   +0.0000000e+00
<\histogram>

