  0.00516734140999284  0.02014842857875262  0.03520957536400321  0.04875526353464125
  0.06155519814594874  0.07422329381006496  0.08664740497235840  0.09862320047164987
  0.11017575494217380  0.12163531551175566  0.13279281163658482  0.14380604753638124
  0.15458638071111483  0.16517494422461204  0.17587732675517653  0.18684362586939182
  0.19805942102735719  0.20928422589808696  0.22050002553998124  0.23170488755616905
  0.24293378754599493  0.25410393883933319  0.26501262639258844  0.27587861969308269
  0.28650317298990235  0.29714410623469140  0.30764299368543047  0.31856353984106867
  0.32947835027023276  0.34034111417333474  0.35107396187632933  0.36186191438775966
  0.37277710827172844  0.38365009366333958  0.39473969974012341  0.40579068211510078
  0.41683902329755379  0.42764221355924831  0.43832762227661132  0.44851651070611215
  0.45873748606481785  0.46863338577979208  0.47855421845539031  0.48844194139905284
  0.49835908941369989  0.50833462206497382  0.51835909889875265  0.52828963412839525
  0.53826129046525695  0.54833897585616531  0.55856420497567993  0.56877720621436256
  0.57887791802718414  0.58898528731981403  0.59901894408275447  0.60910402071043490
  0.61903243156509669  0.62907298162078706  0.63938248728659197  0.64984667324788248
  0.66028212373095108  0.67053920242251286  0.68055533996931117  0.69054070774529286
  0.70070880377843514  0.71119364716053812  0.72174599758059332  0.73196373597066955
  0.74212086183160286  0.75235009619162219  0.76263092749758732  0.77292201456402387
  0.78308424378010477  0.79321900353854757  0.80351886187432697  0.81415687947489324
  0.82501632124402136  0.83570140850377228  0.84607364385170614  0.85634072193293420
  0.86674022329902134  0.87721166331910772  0.88746296631992161  0.89740255277468539
  0.90699405826406021  0.91658757901806065  0.92614547432233563  0.93569569759530247
  0.94495962082221063  0.95391973271900476  0.96254983747880341  0.97082742142816547
  0.97856211509907531  0.98577486527939429  0.99276816839718562  1.00000000000000000
 -0.00212006290370239  0.00892269335381718  0.01894261554302731  0.02980860689267555
  0.04089728511860787  0.05164703118228404  0.06221697790502954  0.07301990121861608
  0.08375722715594512  0.09384625743630221  0.10364344131420375  0.11374918125671005
  0.12402475853796303  0.13460393788247954  0.14502635893613469  0.15583891536709318
  0.16648409101979372  0.17677246741444588  0.18727316448605705  0.19762363779762893
  0.20768617589581770  0.21806212778705308  0.22847695881585495  0.23887514946691055
  0.24948762956925588  0.26021386608635760  0.27093212596757094  0.28104980633725557
  0.29123377717385746  0.30211368195965965  0.31312719843461850  0.32364902634048609
  0.33465909837269286  0.34517881062811806  0.35566301009723472  0.36585503941810876
  0.37579921796570298  0.38584304581858836  0.39552327975200063  0.40568191535444459
  0.41581354524259206  0.42624016080086535  0.43673740922307358  0.44742334874334272
  0.45826306921038656  0.46925290317235069  0.48026734112076652  0.49142065395360285
  0.50218535267541198  0.51265912850660456  0.52296990691407363  0.53338602215575026
  0.54403953001325467  0.55473448430282479  0.56510513009353158  0.57538136440457144
  0.58575566375837396  0.59667035774435129  0.60759459013908457  0.61848565201529915
  0.62930725368697438  0.63986928815362609  0.65041227771057020  0.66058105712390391
  0.67064784746054629  0.68061043009742073  0.69067012860080346  0.70134300579862074
  0.71205527336862107  0.72303967870957431  0.73384543467475460  0.74455478811708686
  0.75543785869311653  0.76670008391119815  0.77820286364872959  0.78946837873693598
  0.80034269955640103  0.81056614051755904  0.82060388434697673  0.83071335680221592
  0.84114410323762145  0.85152571686708589  0.86208417902727763  0.87268595375037339
  0.88398604060945729  0.89505863287494913  0.90578295776084816  0.91625874981905364
  0.92685463891904640  0.93747942157012754  0.94758205033555087  0.95805468602339960
  0.96853296610170259  0.97910364038166509  0.98952700321584863  1.00000000000000000
 -0.00241218177278605  0.01019290116168618  0.02104868411168586  0.03182393161994089
  0.04224717859212804  0.05262598774096671  0.06315077323090168  0.07412806746260708
  0.08518851019505438  0.09673213587470293  0.10835920887685126  0.11987977804554703
  0.13055684021074573  0.14092152089245469  0.15121752534413491  0.16146921236057707
  0.17165344737321861  0.18172329120273062  0.19179873757428939  0.20177201542164455
  0.21207195680941451  0.22280801744816633  0.23313879687306743  0.24305680568768914
  0.25285497616660008  0.26237209692581798  0.27200995935101802  0.28134584093906584
  0.29093862330657949  0.30099899445305106  0.31120456914542238  0.32163008652231639
  0.33260088139670940  0.34380944404228891  0.35516521993833894  0.36620024451911520
  0.37714897866334385  0.38796394011891089  0.39875043191350368  0.40952978373046689
  0.42038849999637046  0.43092399281034388  0.44169462979573837  0.45231751895264383
  0.46293909790399024  0.47363508583116370  0.48469222899394476  0.49607900479086414
  0.50725762452525813  0.51807770641557160  0.52867227776019599  0.53932181182203087
  0.54969721745560829  0.55993442747573918  0.57003894063765337  0.58026133142183389
  0.59053969971260378  0.60072993756537896  0.61083687195721714  0.62098948509757845
  0.63122361902269319  0.64193555470489738  0.65275162875030457  0.66399677228557308
  0.67474765500871425  0.68590512602677034  0.69662151297531116  0.70737277357231820
  0.71803902838886524  0.72877640728206139  0.73982765448327281  0.75093395254397122
  0.76161995096813173  0.77204269204263265  0.78255647197197131  0.79303159022303016
  0.80345134479409519  0.81373679517965714  0.82424275426186888  0.83489645726147088
  0.84553693713226563  0.85605921218852810  0.86659731994550604  0.87702733526341348
  0.88764230509167807  0.89840382871910973  0.90913953625917410  0.91976431350413645
  0.92999176174812703  0.94004055156584820  0.94997679110279787  0.95967103529978248
  0.96961784433057563  0.97961086724472768  0.98977164308434795  1.00000000000000000
 -0.00621908203024647  0.03471648199130128  0.05992632819258370  0.07975109576470620
  0.09721956010060129  0.11294121637326980  0.12699919748043670  0.14002120142525512
  0.15239555393767340  0.16448215239268035  0.17616032897283510  0.18758262911223850
  0.19889777471722297  0.20982743889549796  0.22047229620343278  0.23097841232289137
  0.24150284884436218  0.25168052442049160  0.26157448633919900  0.27141782439770962
  0.28107188970700570  0.29054238891825462  0.29951004951365007  0.30812157213910457
  0.31666417419329951  0.32525409472329903  0.33396641619870882  0.34273985967724180
  0.35134672320841770  0.35961297642299389  0.36758495605657693  0.37544091450927447
  0.38312414982805554  0.39075633557371137  0.39829620199446597  0.40572586209949607
  0.41308844248168386  0.42056960525588971  0.42810968665595101  0.43570777405683558
  0.44320826616266057  0.45070649383149614  0.45835502481713719  0.46617066104234367
  0.47405525505399848  0.48184613649070057  0.48946757640907296  0.49701744544956178
  0.50471679422929194  0.51254051655382193  0.52033638745691324  0.52809715690502557
  0.53585359603723992  0.54362948624600094  0.55143881565546238  0.55921334336254302
  0.56688889428050904  0.57445443556094455  0.58189245725307437  0.58930781178231106
  0.59690950260549336  0.60475545852268087  0.61288599680379463  0.62102445678360618
  0.62889337205416529  0.63656827383846470  0.64430635764306754  0.65251349364905242
  0.66113267767753303  0.66984702026571363  0.67822733269227164  0.68660651392521865
  0.69518863539490328  0.70379452565834799  0.71250819196343163  0.72119741072906807
  0.73036363294188078  0.73984589013812563  0.74942407730904992  0.75925783521732726
  0.76939039887738514  0.77983233338160651  0.79049736206138954  0.80131915853736602
  0.81241922368543162  0.82384747139637915  0.83547111449554801  0.84745606409867857
  0.85977915872180843  0.87286636508190685  0.88676673869676981  0.90216876529540801
  0.91912678835305039  0.93818838629849977  0.96313194725718532  1.00000000000000000
 -0.00210536706298273  0.00909395713066447  0.01850933829468246  0.02854966688698712
  0.03865922709324166  0.04933116221280322  0.06004545830313693  0.07102203236728424
  0.08204788603391643  0.09309270511465337  0.10428596716229176  0.11526966749222577
  0.12620434269352576  0.13706907852394495  0.14776820890866182  0.15851544067725382
  0.16921174314175341  0.17993376931568378  0.19049912606738617  0.20095225005228501
  0.21130531369356861  0.22154961025357647  0.23180817212661539  0.24202094308494859
  0.25216823037629721  0.26248868379298318  0.27302107038481493  0.28362217230568809
  0.29415193489701147  0.30437692907342784  0.31463166994578429  0.32492997919561989
  0.33534554002343131  0.34556235305512784  0.35569625142204531  0.36584968294436848
  0.37616296889517364  0.38651260685179140  0.39714914852092043  0.40795846841513717
  0.41877871714742826  0.42940732465664344  0.44014607115474674  0.45108789483009226
  0.46219769222277507  0.47335167137679901  0.48431158162524446  0.49491229152030219
  0.50513880658806098  0.51511838923203268  0.52562012357816934  0.53598322578007296
  0.54636463241072064  0.55651182968277901  0.56719362328166945  0.57821185930043173
  0.58907617942445867  0.59985499402731857  0.61093378660546849  0.62196881773369328
  0.63266082231590626  0.64320386447558286  0.65380004365778910  0.66443410657572644
  0.67505039620796392  0.68557600595295909  0.69621442945976830  0.70694805119022475
  0.71757385592406031  0.72807250778639820  0.73816633825976385  0.74843119333567654
  0.75856842187807916  0.76885030176448643  0.77940679309867089  0.79023562675214576
  0.80121559039959001  0.81212715593641471  0.82298201085946354  0.83360571557306284
  0.84399448939867561  0.85425521145498917  0.86461977039239135  0.87505179365455055
  0.88545604526547184  0.89577676737826206  0.90607200973358504  0.91651469905325100
  0.92685719232897557  0.93723813204480988  0.94733488316022485  0.95753592927299647
  0.96808967099600807  0.97866778229105178  0.98951652854322725  1.00000000000000000
 -0.00153044910001792  0.00482979883014027  0.01121245553425556  0.01814243297947504
  0.02602435750760910  0.03444925443044090  0.04323678696580430  0.05260947412459578
  0.06237431944997054  0.07245971602105375  0.08292556954578716  0.09369903636345117
  0.10448958582455303  0.11465716623556640  0.12469268369185267  0.13482283618183469
  0.14486947202650896  0.15529801057815912  0.16556551241935011  0.17548187970755044
  0.18517480827107402  0.19535140888848240  0.20579421270501927  0.21610970286322567
  0.22633594572408958  0.23686810495818125  0.24744023460241990  0.25786449235246306
  0.26823490380369946  0.27850054078464459  0.28878433557872701  0.29946830299337696
  0.31022556338600693  0.32097824718199763  0.33167071745002003  0.34257721888595777
  0.35363609354731229  0.36439110324990387  0.37520698844656380  0.38549351570480755
  0.39627108751781931  0.40711163900500341  0.41804616070505940  0.42848402923582418
  0.43884532403028320  0.44926743501553218  0.45937684424192665  0.46935017380742322
  0.47954593216370206  0.49019909925534771  0.50108565966048735  0.51151065566490561
  0.52209900962934053  0.53301734769253584  0.54421216451264320  0.55482305893856743
  0.56522339757069462  0.57576068452936235  0.58652110416937475  0.59740982641185925
  0.60824556192362655  0.61915705586636371  0.62993513620125252  0.64053571622970118
  0.65081894644600091  0.66105128663216894  0.67161434326775860  0.68272725367788922
  0.69375023106360711  0.70476415126341918  0.71592450123311768  0.72726883965481892
  0.73822874776898539  0.74913150328043920  0.75995011183528782  0.77054583261196130
  0.78086000612950279  0.79126525723962826  0.80201553681390247  0.81296241790174029
  0.82377227167979439  0.83436913642648647  0.84490251620885615  0.85551647352886018
  0.86644360135451470  0.87758873962366679  0.88866634714894710  0.89953903157636250
  0.91044879889362706  0.92152526591798034  0.93281072017196587  0.94440076643360504
  0.95637306166046598  0.96890601697503598  0.98337761076121488  1.00000000000000000
 -0.01459682792551058  0.13657407741200236  0.20208671854486898  0.24035466895597424
  0.26736150296517885  0.28998659974103169  0.30976668182320172  0.32685461550605749
  0.34160781677247321  0.35503599001853103  0.36738944599343742  0.37892342757060243
  0.38977346842215299  0.40000229904123236  0.40970223973209535  0.41890533215077996
  0.42765470135070555  0.43600969366430364  0.44399700251142810  0.45178801608522101
  0.45940281782137116  0.46673731992378314  0.47384680591486311  0.48074267993005820
  0.48744425440115330  0.49404238557396152  0.50048714062199162  0.50672559699195951
  0.51286068996664680  0.51893753665061360  0.52490984323789125  0.53075988325813717
  0.53649097639526511  0.54218851018321002  0.54771036370867032  0.55330047981555552
  0.55880995034947989  0.56414252488802152  0.56936955542578138  0.57458477137648789
  0.57978798100801565  0.58489568906661971  0.58985379086481982  0.59470985526969866
  0.59955981996032881  0.60437820000610787  0.60921767606183441  0.61400539115633357
  0.61873252275888502  0.62354814408949033  0.62839051302497173  0.63326894430622493
  0.63818018288594991  0.64303936130246997  0.64782591757587182  0.65261680254796661
  0.65740591858795694  0.66215655588606159  0.66693559860439611  0.67169480039157570
  0.67643463172151408  0.68115346068450700  0.68582650549803770  0.69045138167392583
  0.69509051285944234  0.69972950379150112  0.70437245017488281  0.70913715940482880
  0.71400724666592164  0.71892463441968057  0.72382426188397520  0.72869609480324582
  0.73355363876802004  0.73844686211775890  0.74345814479932293  0.74861718884191220
  0.75405173583456175  0.75959816183164208  0.76521033838290331  0.77095731197875828
  0.77686430932566597  0.78299052917555356  0.78923113251732679  0.79594902524074607
  0.80282197993493210  0.80981902246620996  0.81716919734283944  0.82493896325238480
  0.83346483272487182  0.84293777774475298  0.85344460075655038  0.86529077786913700
  0.87937896249428971  0.89702126598668075  0.92668458423097999  1.00000000000000000
  2.14510955648029468E-007  -1.0000000000000000     
 T T T T F F F F F F F F T T T T T T T T F F F F F F F F T T T T
  <DiscreteSampler_grid>
  grouped_processes
  1 # 1 for a reference and 2 for a running grid.
  10 # Attribute 'min_bin_probing_points' of the grid.
  1 # Attribute 'grid_mode' of the grid. 1=='default',2=='initialization'
  0.0000000000000000 # Attribute 'small_contrib_threshold' of the grid.
  0.5000000000000000 # Attribute 'damping_power' of the grid.
 # binID   n_entries weight   weight_sqr   abs_weight
    13   10   1.854208567986313E+006   9.920657721567742E+012   1.854208567986313E+006
    14   10   1.854208567986313E+006   9.920657721567750E+012   1.854208567986313E+006
    16   10   1.481439978066252E+000   6.332736526708571E+000   1.481439978066252E+000
    17   10   1.481439978066252E+000   6.332736526708574E+000   1.481439978066252E+000
  </DiscreteSampler_grid>
