  0.00544620460547264  0.01915082823243698  0.03404402345151900  0.04743123268158261
  0.05949664527195053  0.07114316621157503  0.08232458497009647  0.09348774130193456
  0.10472157561886847  0.11618347431441557  0.12765988339167658  0.13913655036351918
  0.15053785412975809  0.16179483002455602  0.17291147954722691  0.18381204652978855
  0.19451723690437617  0.20505475455390404  0.21559012502141051  0.22613364151875379
  0.23683332074868943  0.24777595470780986  0.25882991079360945  0.26968996285858554
  0.28019229405247387  0.29055844799719055  0.30102406805894205  0.31179848189283565
  0.32268251384259672  0.33349893717809442  0.34413988110563715  0.35484366431977038
  0.36560300001062768  0.37617228915645445  0.38645996702772661  0.39674250924506266
  0.40712506708368928  0.41754237672634587  0.42795626025516986  0.43848281839453956
  0.44936820316858572  0.46043734561394223  0.47165613860446659  0.48274881368494832
  0.49351050128700330  0.50413214501468673  0.51465145537737989  0.52502308698279920
  0.53533021103932854  0.54566645526843927  0.55607221734532131  0.56643068370610328
  0.57671862391888584  0.58686039890315900  0.59686966551986287  0.60680851585073303
  0.61681155332936233  0.62700316061245254  0.63742395631439641  0.64770977412192010
  0.65770187668099467  0.66757807353253673  0.67748618300431496  0.68745132722681224
  0.69737888354183530  0.70734881120531745  0.71748149717417109  0.72791656554386908
  0.73854532095648673  0.74907610781124312  0.75948218807242929  0.76971615486804101
  0.77974264889044087  0.78966930847513417  0.79956061404687873  0.80933470430273668
  0.81909200591947651  0.82905658198451337  0.83909444451823512  0.84900157901113327
  0.85876865407421565  0.86870858331774670  0.87861869427312422  0.88832432082155832
  0.89798209585720268  0.90776748053419509  0.91772312042880133  0.92781724419249789
  0.93799435799478481  0.94809997840955507  0.95786465480592864  0.96705317420757564
  0.97584457161789673  0.98430072870856800  0.99286617012230016  1.00000000000000000
 -0.00246212937468895  0.00997427134469063  0.02081601211558535  0.03204462594720298
  0.04342938394515829  0.05430873054146818  0.06505998471331045  0.07520275301873842
  0.08549337147053346  0.09572621770373506  0.10597340090576313  0.11645583572048661
  0.12681065822194862  0.13746270657566198  0.14784385290947352  0.15824944412231357
  0.16843157433556943  0.17886583505453849  0.18918449414805996  0.19966085036543282
  0.21021797109640208  0.22055746291794937  0.23090334904733348  0.24107048608724763
  0.25087619168134440  0.26080247523945244  0.27090884899895001  0.28139512305869924
  0.29182996488543744  0.30225871333803184  0.31265177292534374  0.32311683166192423
  0.33362392325243556  0.34434397076127327  0.35521621365352896  0.36613500942435312
  0.37716241087351871  0.38828561964003727  0.39958837059682628  0.41038750364812282
  0.42095293927335392  0.43142181683352193  0.44194120470269066  0.45256825227066566
  0.46364202056920306  0.47521416994634691  0.48618420368637005  0.49679502789099467
  0.50782593584189906  0.51871464317151983  0.52886404578748714  0.53858280116664659
  0.54934848101128819  0.56071246383286510  0.57162132880118188  0.58248369454856763
  0.59333363303216291  0.60403811773739580  0.61470835222995235  0.62523738784632665
  0.63581507478072363  0.64630714130538724  0.65696869932815682  0.66773741745157356
  0.67832855425491201  0.68891070251618136  0.69954208634162784  0.71027384432072693
  0.72100335267289084  0.73157670349206716  0.74222058872112584  0.75273827394314174
  0.76331290141797903  0.77408698561991562  0.78498520076604306  0.79582259100683539
  0.80622998723632167  0.81671667921693425  0.82733879685194001  0.83823205059844930
  0.84926540392060934  0.86011567547117007  0.87067673810252422  0.88083465115070170
  0.89066942301603214  0.90069468479414827  0.91099499379513094  0.92135437596861580
  0.93184533329464170  0.94210954668898750  0.95206021593624579  0.96198210895148550
  0.97164703920085194  0.98128462242296621  0.99061420168730485  1.00000000000000000
 -0.00277052791330976  0.00997896636509979  0.02056897652608233  0.03127719423928040
  0.04214393107832105  0.05277608904451695  0.06319156936774226  0.07365651727908146
  0.08379314532504911  0.09393387089073457  0.10416491292791270  0.11437530811334126
  0.12464713426601262  0.13477368027891323  0.14516689891936865  0.15544291441105285
  0.16592673499057625  0.17647731859260191  0.18710665437150192  0.19751371149686597
  0.20810816151954681  0.21904249244911939  0.22982691029205982  0.24004870413763338
  0.25044021994250443  0.26115287027533218  0.27210250103422207  0.28259898042985915
  0.29316886887126231  0.30376560255249224  0.31477209265369038  0.32565061020458302
  0.33591167140197192  0.34575711963480821  0.35587241543227716  0.36644805488010840
  0.37653850112038373  0.38632251141032214  0.39616755662694075  0.40644033977893984
  0.41667624077402143  0.42689559741879624  0.43715489406647290  0.44804383713000190
  0.45870359621642914  0.46918797547663027  0.47934260075538399  0.48965428707494446
  0.49996000946023700  0.51043718762435419  0.52084587427362106  0.53172313725708997
  0.54240100980286077  0.55331786372896963  0.56447017565242585  0.57567347678243141
  0.58638478626283941  0.59657128288284900  0.60659354487296846  0.61693059050130572
  0.62747026872077794  0.63810387584585082  0.64900220463903513  0.66037475756225172
  0.67146885272316525  0.68224600497239962  0.69277532430419930  0.70346369604858250
  0.71396339738068493  0.72391956245497024  0.73389617657325779  0.74411309095323352
  0.75470981512441637  0.76536632107120472  0.77613324706334419  0.78710792644329564
  0.79771027688299245  0.80838313211932455  0.81934641919294704  0.83049632828689512
  0.84101427630589276  0.85142910306658615  0.86202719379844317  0.87232713428141895
  0.88270433992025843  0.89296809210196471  0.90358303635813697  0.91403459213293936
  0.92470410925975455  0.93569652717799268  0.94663645831953891  0.95743287717022674
  0.96811108645106336  0.97881065020062630  0.98945567090371622  1.00000000000000000
 -0.00535897987068510  0.03444263878975326  0.05990385799313581  0.07919150333615012
  0.09557127784304323  0.11027703964747645  0.12426872167413890  0.13748541884370274
  0.15041412006095603  0.16298523515288676  0.17508460832554992  0.18682084000343510
  0.19793847629867387  0.20895948512967680  0.21913563196066949  0.22939690718213737
  0.23919108440913803  0.24871069631414758  0.25783778507774918  0.26692670541193386
  0.27605298328622457  0.28504887121487110  0.29394938675470095  0.30269032768172383
  0.31132649677717694  0.31980942832574821  0.32824145057815274  0.33659053771765851
  0.34485737448548726  0.35306392500751871  0.36108520105732411  0.36896612555077385
  0.37674798294821688  0.38437139611255783  0.39198437317827006  0.39966478751460865
  0.40745941347915238  0.41530576817513776  0.42320712003150784  0.43110402591724184
  0.43897420062631298  0.44683384934456094  0.45467380424719156  0.46256281271298177
  0.47049112589518971  0.47836534595855118  0.48621981799184222  0.49388869537168839
  0.50156738049429805  0.50948847341467263  0.51755619728059099  0.52562166463718618
  0.53354034459575195  0.54151717874291561  0.54963455851821919  0.55787918070361664
  0.56626323088446495  0.57468005256536192  0.58283898401469003  0.59070378592326844
  0.59853370557772267  0.60631260846833335  0.61402208844139639  0.62180307719338634
  0.62986776585447934  0.63826940938488563  0.64673738132198744  0.65518368806803451
  0.66354605807601719  0.67199536172640695  0.68069693203115966  0.68959563092786225
  0.69869319346719405  0.70760057785178210  0.71654139589881427  0.72560019112011376
  0.73489667539266568  0.74426623065328124  0.75373627767554863  0.76329568147726778
  0.77294549260655643  0.78271517389907186  0.79291127103918713  0.80371214414034164
  0.81498309394806556  0.82649676402479944  0.83831497222083395  0.85045149249172525
  0.86274076641771547  0.87543730318180712  0.88895357737826752  0.90384998821805218
  0.92036273118735989  0.93925194863221906  0.96398842151523889  1.00000000000000000
 -0.00174912325687627  0.00922817743722031  0.01864807332083063  0.02871455513880640
  0.03869508472933613  0.04867121724532795  0.05886723996200414  0.06923660923673998
  0.07985616826210593  0.09018342824677453  0.10041914020686928  0.11069404310916239
  0.12085807379256339  0.13112953764247734  0.14173508047243086  0.15254979726356244
  0.16335557323719058  0.17412082473303930  0.18510573990539608  0.19591946406623109
  0.20658923457463862  0.21731544311578965  0.22806436027594545  0.23866203530361840
  0.24917518927966356  0.25986761880646819  0.27066534542679366  0.28128169407001902
  0.29185009585097738  0.30228530349072869  0.31258561983823452  0.32281348452949715
  0.33334073673375958  0.34409868806419869  0.35499331808222484  0.36564289135756101
  0.37615467433325600  0.38664420314345854  0.39731072685723190  0.40864298603189386
  0.41988942162442855  0.43061622963233515  0.44101959490896464  0.45115936192927647
  0.46114357377899340  0.47124649948460751  0.48170759212472541  0.49282622122263720
  0.50393255498181555  0.51446656401917035  0.52470220384142230  0.53478731385715439
  0.54491516157993125  0.55544441107657128  0.56591218117370534  0.57667689906298814
  0.58737621510064431  0.59800837803235740  0.60893408083189682  0.61981582689722348
  0.63079646631463648  0.64147347956490530  0.65208446020308974  0.66266904858201103
  0.67330225119518217  0.68363612161473353  0.69402816052721328  0.70471341140064425
  0.71543598484420867  0.72627018751814310  0.73689119903598910  0.74754825561942440
  0.75824326022535538  0.76879275040922457  0.77872913270233712  0.78853372025434409
  0.79848020230712802  0.80885112578147356  0.81924630133999254  0.82981419902444731
  0.84075083184025823  0.85191253342630258  0.86263153129655323  0.87340215367208240
  0.88378926970111416  0.89448751663855730  0.90479278388590534  0.91531747311503486
  0.92580055268562578  0.93609171098928379  0.94674403771795956  0.95761005414275102
  0.96836024017610434  0.97888035253550454  0.98940142473886317  1.00000000000000000
 -0.00137210093804857  0.00899367138194779  0.01856921708225590  0.02842535400345480
  0.03841019463217899  0.04878867020058514  0.05932674803834734  0.06971862264062470
  0.07971431505856233  0.08961332293034036  0.09958181666526626  0.10954468570665266
  0.11953581762832671  0.12952055011668337  0.13959990236590189  0.14977973629542160
  0.16002478917480820  0.17034933611647984  0.18082030061118642  0.19122923761728247
  0.20171065038676173  0.21213391648541333  0.22238280677140276  0.23265299686502328
  0.24302257366834104  0.25383990016402319  0.26493937235985704  0.27582241828845344
  0.28657292645694710  0.29713095873634893  0.30761035173505391  0.31792409238180613
  0.32833193076310763  0.33885261478497508  0.34934942268312991  0.35962097496997614
  0.36962971780041504  0.37949030483738488  0.38931226385492945  0.39921464102452275
  0.40936145412234382  0.41977713233730296  0.43045461941892277  0.44083875052757021
  0.45095882050992131  0.46130011314240260  0.47199798131117071  0.48255450774124009
  0.49255654126889570  0.50238584619927640  0.51247717635999690  0.52272506604481039
  0.53301457694974919  0.54339557175129971  0.55398336181532093  0.56451551985635473
  0.57499358427561709  0.58565955466663056  0.59666549404595903  0.60768947706067811
  0.61855289711334871  0.62929209901159933  0.63995507413948094  0.65078087829799602
  0.66185953293740929  0.67294584099714660  0.68373161028866847  0.69416167141380269
  0.70470015203610070  0.71554444853689481  0.72651811143300071  0.73732648710741155
  0.74787039091368124  0.75826961611613242  0.76886071523866384  0.77985887064585091
  0.79113481600298652  0.80236036948193723  0.81331320850853661  0.82416242404857254
  0.83492745620808251  0.84543928873288199  0.85575884218569520  0.86600995463102759
  0.87645382257265048  0.88694488639416191  0.89735825756213683  0.90776441636888205
  0.91823866185906444  0.92871181011305981  0.93936755868250821  0.95027414673180677
  0.96164220687748858  0.97340533738539747  0.98631861072571148  1.00000000000000000
 -0.01982833335688679  0.14878548420870330  0.20297836313913514  0.23977938910029123
  0.26632921699111811  0.28841818430169402  0.30771024854916673  0.32466056852441594
  0.33994049189223285  0.35413298630817153  0.36732348297544010  0.37967299918312070
  0.39132840728882706  0.40234384317639788  0.41280842370439802  0.42288594865723556
  0.43263982600590489  0.44195759411553981  0.45087631234609837  0.45949243648084365
  0.46786822397437855  0.47600851400487637  0.48384270583540928  0.49145251221020336
  0.49892017288082136  0.50618967731284348  0.51329529566062171  0.52031129514609398
  0.52711980005396852  0.53367538825873606  0.54009041018290471  0.54630816972812912
  0.55247626062214950  0.55859255511907591  0.56465861719680899  0.57057165880715821
  0.57633856104153414  0.58199041546346442  0.58744749543798380  0.59293414333439443
  0.59847188573691623  0.60399008298473456  0.60940634825100082  0.61473911300095896
  0.61999879843244188  0.62517142828562711  0.63025136475552068  0.63523286029291171
  0.64019041714565039  0.64517998766926421  0.65013425113707191  0.65505270743189947
  0.65994317870846630  0.66483554891158192  0.66974529429078666  0.67462702337083602
  0.67945688771833490  0.68428153715877693  0.68910879048982199  0.69391131722943911
  0.69869795645496779  0.70353102544031487  0.70837542956657629  0.71319391195629023
  0.71795303851290937  0.72265465683042507  0.72733409543478977  0.73203432944567470
  0.73683143849092447  0.74172420089970770  0.74664791126617513  0.75153756128455362
  0.75643185397172030  0.76138260909392785  0.76642354488593600  0.77155885584318895
  0.77679634525123908  0.78212005468293766  0.78747175044181805  0.79296519413512168
  0.79860064267037090  0.80439062538419059  0.81031436402931634  0.81647257065976475
  0.82292980308831964  0.82953814232396939  0.83647707184519038  0.84399066243293497
  0.85168043044627473  0.86058293854054857  0.87003630061072046  0.88099796568342148
  0.89346388096795404  0.91046267954083204  0.93662665085658325  1.00000000000000000
  3.69441426562058093E-006  -1.0000000000000000     
 T T T T F F F F F F F F T T T T T T T T F F F F F F F F T T T T
  <DiscreteSampler_grid>
  grouped_processes
  1 # 1 for a reference and 2 for a running grid.
  10 # Attribute 'min_bin_probing_points' of the grid.
  1 # Attribute 'grid_mode' of the grid. 1=='default',2=='initialization'
  0.0000000000000000 # Attribute 'small_contrib_threshold' of the grid.
  0.5000000000000000 # Attribute 'damping_power' of the grid.
 # binID   n_entries weight   weight_sqr   abs_weight
    13   10   1.699068436855274E+006   5.288857975707405E+012   1.699068436855274E+006
    14   10   1.699068436855274E+006   5.288857975707406E+012   1.699068436855274E+006
    16   10   2.195058100514445E+001   8.827387682781261E+002   2.195058100514445E+001
    17   10   2.195058100514445E+001   8.827387682781260E+002   2.195058100514445E+001
  </DiscreteSampler_grid>
