  0.00503164363156123  0.02055550210093217  0.03555914601667839  0.04892065004457885
  0.06164602230606966  0.07445980962316628  0.08703844049459109  0.09902710800114786
  0.11046952061624672  0.12177957768124667  0.13299517969763472  0.14419638111149671
  0.15506227860359389  0.16563128144440148  0.17634530234932530  0.18722020051645963
  0.19808434195086139  0.20873082526764133  0.21950404411113567  0.23036822077650357
  0.24128882444273611  0.25227553264132158  0.26327664270229567  0.27429633481959492
  0.28522036592912353  0.29607888008463024  0.30677677818777194  0.31756188057547086
  0.32838982290485996  0.33905611961439081  0.34966454912578876  0.36033319345010917
  0.37131912182916488  0.38224757264445974  0.39326003510049268  0.40422075856365502
  0.41528314540367700  0.42635451991182921  0.43710598749792900  0.44719669661029948
  0.45700756034721757  0.46666639738575033  0.47635668345149507  0.48606515037313380
  0.49586854612354114  0.50587240492367558  0.51587204242068785  0.52575197615829983
  0.53575702415404469  0.54600129709396827  0.55656630435063492  0.56715341545216347
  0.57746119158310139  0.58743186886664511  0.59722929389607560  0.60709823631536175
  0.61709161331656703  0.62732274294106072  0.63767990377594652  0.64793373374312935
  0.65816139178533617  0.66847765989938190  0.67868422745826762  0.68866134262565892
  0.69861548878853186  0.70885657494458321  0.71932070566659945  0.72957576290851733
  0.73976603165644839  0.75010518450926456  0.76064547953929806  0.77121394628417450
  0.78149756931496916  0.79169410131279427  0.80220496831735277  0.81323591362993086
  0.82430190860555330  0.83479847030970600  0.84482231184868140  0.85493860917757591
  0.86527196027478159  0.87551836784094761  0.88561037650046182  0.89554200800841077
  0.90527135502816769  0.91477092833917506  0.92407548896287617  0.93330643276136316
  0.94244064384614856  0.95142489165500732  0.96031663099911191  0.96886282613472752
  0.97691246208586680  0.98443182851833266  0.99288549000730220  1.00000000000000000
 -0.00216720044363300  0.00907188261009419  0.01927535079208864  0.03016561919357272
  0.04142771834491524  0.05242712516608128  0.06331217638107552  0.07433941733178868
  0.08486529838319394  0.09467988000657800  0.10440348597909736  0.11475582547141977
  0.12502451982447038  0.13564281609351803  0.14598101194294311  0.15677857312657681
  0.16732783770068818  0.17736338390222484  0.18759533360689795  0.19777795800456927
  0.20802495571243437  0.21845255414745648  0.22894703653971094  0.23946846519026485
  0.25010906901630064  0.26064548790419351  0.27124843636566937  0.28153815834540818
  0.29207217910412653  0.30324405723420389  0.31434988705304956  0.32493505748920687
  0.33562914540151761  0.34585442853444082  0.35595949225197004  0.36556350675230920
  0.37541264897637888  0.38547804255889828  0.39534531354308222  0.40551345127870470
  0.41600778335703653  0.42704702750897905  0.43815803978481033  0.44957146418507299
  0.46092699405276372  0.47195538290668970  0.48286654937514284  0.49399184275699642
  0.50518386516655522  0.51617951642016346  0.52694492759487055  0.53718913956876091
  0.54698624714565569  0.55662502118818424  0.56650703646002376  0.57657167432178691
  0.58685279255431377  0.59746402616446015  0.60813806135409942  0.61880361545138296
  0.62925954257550187  0.63964049859681504  0.65011441748083476  0.66028026283463714
  0.67038729158724830  0.68059910228566600  0.69095183587087572  0.70160709536199062
  0.71199550674165368  0.72274158141233491  0.73338022182898466  0.74415099437290499
  0.75476309750539883  0.76567196972928586  0.77647147826331364  0.78728499346304415
  0.79775524150962884  0.80809689559774178  0.81829585716790731  0.82863630771638030
  0.83894016440977381  0.84931340892322971  0.85994995018495013  0.87077378156142349
  0.88198281452871030  0.89295235037267229  0.90373613847147305  0.91424780385797588
  0.92508467258354965  0.93599895717355808  0.94684139014593638  0.95796317191587521
  0.96872855070964325  0.97949196615903755  0.98965432234556971  1.00000000000000000
 -0.00259793460549885  0.01020617683477477  0.02135153637524199  0.03242829117646965
  0.04332381007105443  0.05387069538081050  0.06436775657464613  0.07526145197150663
  0.08634851243154879  0.09756644675666620  0.10873705698303331  0.12003619191594180
  0.13074719307496535  0.14122682624360827  0.15131952381707361  0.16133596292243732
  0.17131996029265376  0.18117056462519196  0.19091945075788735  0.20059743030071778
  0.21077523955757979  0.22153766136089476  0.23194426478321861  0.24161219193781053
  0.25122270240410838  0.26069629146409096  0.27039463522306117  0.27967431419829264
  0.28918849743205122  0.29937818380070425  0.30983442938389449  0.32026041003898092
  0.33075426256128526  0.34134806936291956  0.35221127387048912  0.36327081576377318
  0.37429403312072196  0.38525371384792734  0.39595235828587105  0.40672589896503619
  0.41763644181162829  0.42792425831319397  0.43831971240457995  0.44847435072243969
  0.45884586540097111  0.46929241177093989  0.48006598207138518  0.49117020961647256
  0.50221513575467502  0.51285333213981887  0.52329516375395568  0.53380701011224385
  0.54444334309956388  0.55495747661917216  0.56536092333371857  0.57559660047624339
  0.58579993868266067  0.59589167936997323  0.60609908873840612  0.61678214888676874
  0.62767344248024093  0.63907958376378948  0.65034927495009087  0.66168395787445544
  0.67240040204713181  0.68327815815993154  0.69408681870303934  0.70502880846255367
  0.71619277905429568  0.72731063662835949  0.73844769630361518  0.74966516456286514
  0.76046152255418775  0.77079621403889309  0.78072471677296007  0.79072489147735903
  0.80106105221503543  0.81156946271152919  0.82230978389105136  0.83319541452611290
  0.84417586887619978  0.85494372309027589  0.86554246899947707  0.87627392085679656
  0.88709624631408679  0.89795569334483716  0.90832684024238375  0.91883809168226682
  0.92885864399321005  0.93895835005097161  0.94873729616602320  0.95878102531381004
  0.96905521378152359  0.97931723740565058  0.98967098317131708  1.00000000000000000
 -0.00635349365482029  0.03594785337404473  0.06123346101501505  0.08034365276132190
  0.09720592397545291  0.11280062668360749  0.12691956087172268  0.13999475427084576
  0.15241692435204218  0.16461339518353360  0.17637138259642846  0.18787360072351317
  0.19931812433477936  0.21048268801708614  0.22126643487259262  0.23162001843299049
  0.24184621614594085  0.25169486600589869  0.26144754124966302  0.27116342157779522
  0.28065103643992323  0.29006839725305517  0.29893683730612264  0.30775313121943726
  0.31636028057220006  0.32494526125582524  0.33338010822974806  0.34171310249997383
  0.34997469810177023  0.35810272597057341  0.36619829741277110  0.37421521096036048
  0.38207371522002043  0.38982841233052040  0.39759925213325764  0.40548453112073224
  0.41338895451606117  0.42131879915292547  0.42917829710433136  0.43688935463249573
  0.44449562766223588  0.45196145062306370  0.45941020782441855  0.46695879551213565
  0.47456410602521520  0.48223889953263727  0.48993872610465217  0.49765053995813679
  0.50562122052455039  0.51355806309524565  0.52129796545688001  0.52886269077168913
  0.53645725183452864  0.54422304487462003  0.55213279361763734  0.56005079321513096
  0.56782285652857756  0.57542347050048293  0.58287164218401022  0.59027640227538447
  0.59794386670795896  0.60574332174435874  0.61390780606906581  0.62201529074233675
  0.62990928121014067  0.63764214719238221  0.64549518044135901  0.65373963055455853
  0.66224651935049950  0.67089381206995236  0.67945384842891876  0.68808485726263702
  0.69679947669568953  0.70561305044181277  0.71443414001667116  0.72326788738947023
  0.73224597165990746  0.74153947241093576  0.75106695433079862  0.76101448611484945
  0.77148013796498516  0.78219307127760640  0.79295783815577825  0.80358423963444103
  0.81433891286247684  0.82512281955692712  0.83620419409451729  0.84765667560841484
  0.85984684308264414  0.87286267803131634  0.88686613822630234  0.90241433395451065
  0.91948382618923030  0.93865622840922380  0.96335907092448581  1.00000000000000000
 -0.00223046184531594  0.00942978004830781  0.01892800191031659  0.02918767376899322
  0.03941918687402256  0.05003857952642894  0.06072783722125914  0.07172078523560591
  0.08311180221932533  0.09394955365676814  0.10488527771083139  0.11536332805013071
  0.12652484791360222  0.13758875969275969  0.14829601010552021  0.15888774971416980
  0.16957949746946974  0.18080396623998823  0.19145120543523983  0.20168180970658320
  0.21163106734296724  0.22171231902717964  0.23217570546974858  0.24236726733115965
  0.25238991130611038  0.26282654380511289  0.27368639474003670  0.28491287156706302
  0.29542609922212232  0.30559274723572638  0.31576008040867237  0.32606716385240364
  0.33623356537258509  0.34641990588301180  0.35654424161137482  0.36693430742220734
  0.37709822218827277  0.38754715673063811  0.39821323899022992  0.40950274098226885
  0.42031510527761456  0.43095518442556063  0.44170087792104251  0.45268543033092568
  0.46346321415248182  0.47415926504388584  0.48466846216451170  0.49540606418447014
  0.50560150738892773  0.51580220606443472  0.52622389433660610  0.53679970043655689
  0.54713666501826441  0.55716837663240903  0.56762132276213784  0.57849302224912880
  0.58911659968989372  0.59976011413605057  0.61058428477352034  0.62161405417401527
  0.63239882217062138  0.64299927952413205  0.65354726310774502  0.66412953673600195
  0.67473640874345586  0.68538378742437789  0.69599353678156728  0.70671105529795786
  0.71748581090201680  0.72844438218834573  0.73892450863092651  0.74937718526749153
  0.75954592190838255  0.76977129543859080  0.78002279630717619  0.79023786768663029
  0.80062380442220593  0.81126255103741052  0.82199930011034150  0.83263580169946039
  0.84304489319597797  0.85348849904951918  0.86419412575636223  0.87471232892795514
  0.88525121143188623  0.89568061164842483  0.90632158164834964  0.91703705245745859
  0.92745452758468616  0.93771750831237366  0.94763311151176921  0.95779495405693393
  0.96840271646038012  0.97885043504803604  0.98960055695714666  1.00000000000000000
 -0.00168385904467337  0.00595842900590536  0.01324127294705833  0.02094434725736021
  0.02929684215529279  0.03812600070320402  0.04742287845763873  0.05707559746230896
  0.06687982010898619  0.07686605481784885  0.08713216531993584  0.09769424971948340
  0.10838150626278349  0.11885996895812606  0.12923479046460434  0.13931729882510824
  0.14937793723852469  0.15954500225678042  0.16992159159989317  0.18018783302619204
  0.19078289782143140  0.20148400830233709  0.21218262018760958  0.22252887364097038
  0.23324835798729693  0.24412681747720893  0.25498205363195131  0.26530788324272953
  0.27545773778046589  0.28534435141304682  0.29536722058605203  0.30560428468302714
  0.31611283090859643  0.32669706247803304  0.33723156093362927  0.34794562225045206
  0.35870281815649874  0.36946534055806768  0.38003553126222095  0.39051644083866699
  0.40133774347456674  0.41220825654165461  0.42285517743125284  0.43337353996632538
  0.44407099691319069  0.45472283188854301  0.46487270591940977  0.47490247092229698
  0.48548016806057975  0.49642670192273053  0.50708057646144633  0.51755750818191848
  0.52818817464893819  0.53907479107013057  0.54964707486858344  0.56001703520238666
  0.57047332437995446  0.58123849439476583  0.59209895321695483  0.60311602221969074
  0.61409533768756819  0.62489447292873346  0.63523814737726125  0.64537585765546890
  0.65553492459479001  0.66594793717552114  0.67675151468457573  0.68783223358291279
  0.69902997358565166  0.71053455533318532  0.72220528105329973  0.73346814939857374
  0.74422173572446781  0.75487510428741722  0.76560290004484544  0.77610143604892279
  0.78635296375301544  0.79658651918751122  0.80691587415213939  0.81724619550192201
  0.82749005160719669  0.83774953294510413  0.84818161393329039  0.85884890990125740
  0.86969222271077540  0.88050763672698928  0.89128968271068354  0.90214669096098488
  0.91314170838260666  0.92413133401006975  0.93524606002588528  0.94665693436904297
  0.95845271394493026  0.97062042875652832  0.98445087870515791  1.00000000000000000
 -0.01504270393411410  0.14191293716448949  0.20325903148282326  0.24117339287993050
  0.26857907441887180  0.29120142787326936  0.31089488250446978  0.32765158891620993
  0.34248979205575414  0.35610749190735524  0.36873752476778981  0.38043368780077114
  0.39138451951234238  0.40162535774950930  0.41136150800770543  0.42069467055313164
  0.42966450196057721  0.43822128885283562  0.44640787741766463  0.45437275929616594
  0.46210424495574021  0.46958171036276941  0.47683181070611835  0.48384515459156180
  0.49066081849015752  0.49743857411689246  0.50420574992474743  0.51080648675360874
  0.51733814688496671  0.52357229267514382  0.52968103215258722  0.53571153546263450
  0.54159029286903593  0.54731073014398057  0.55287261733801740  0.55844100550178311
  0.56392053527830810  0.56934182235857234  0.57472915362287735  0.58003039516710442
  0.58521373139259381  0.59028302635076835  0.59525293747800723  0.60022209301884577
  0.60519111634038714  0.61005740387118124  0.61487642348575100  0.61966280309627941
  0.62438834455524550  0.62917161882321904  0.63395500295878127  0.63874944171825920
  0.64363375804420764  0.64845305669678577  0.65322961175068195  0.65794918329998642
  0.66271571481833391  0.66742092701631028  0.67218025803552406  0.67691583782778497
  0.68161227588480611  0.68627358389882631  0.69086962551370446  0.69539988771591954
  0.69993766369612154  0.70452992835221118  0.70926886895639707  0.71415812331516426
  0.71909731124604792  0.72401677691474708  0.72885531093661571  0.73368586629668986
  0.73858269943899935  0.74353244270957564  0.74857613728872163  0.75378416528372927
  0.75919772413410491  0.76455662901871313  0.77001046480659696  0.77562837541340546
  0.78140549989610708  0.78735710191938701  0.79351798822628528  0.80003350742446688
  0.80672484526631605  0.81377986024796600  0.82126268378806278  0.82909511046946294
  0.83763518715007301  0.84692979439120031  0.85729641014362168  0.86899523778356003
  0.88318459456616616  0.90123216867054090  0.93032174460815642  1.00000000000000000
  4.58335747855343284E-007  -1.0000000000000000     
 T T T T F F F F F F F F T T T T T T T T F F F F F F F F T T T T
  <DiscreteSampler_grid>
  grouped_processes
  1 # 1 for a reference and 2 for a running grid.
  10 # Attribute 'min_bin_probing_points' of the grid.
  1 # Attribute 'grid_mode' of the grid. 1=='default',2=='initialization'
  0.0000000000000000 # Attribute 'small_contrib_threshold' of the grid.
  0.5000000000000000 # Attribute 'damping_power' of the grid.
 # binID   n_entries weight   weight_sqr   abs_weight
    13   10   1.832526403040968E+006   9.689672868336162E+012   1.832526403040968E+006
    14   10   1.832526403040966E+006   9.689672868336160E+012   1.832526403040966E+006
    16   10   2.808578042965048E+000   2.276049098541382E+001   2.808578042965048E+000
    17   10   2.808578042965046E+000   2.276049098541381E+001   2.808578042965046E+000
  </DiscreteSampler_grid>
