  0.00583204833330855  0.01681283253795413  0.02891458361416577  0.04071982652038061
  0.05182988227317367  0.06261161540882626  0.07312753136943528  0.08341036021098135
  0.09337431729991200  0.10308358221346743  0.11284419213268569  0.12294621091942746
  0.13345548538591043  0.14395121672199215  0.15418473646756276  0.16436118215295401
  0.17456973793926880  0.18476203123198207  0.19479479791892060  0.20485191214990467
  0.21510475166337312  0.22522714915722067  0.23523954249071663  0.24536821996040975
  0.25573668619677259  0.26638073171364263  0.27709830563596555  0.28767770738192794
  0.29808432894259301  0.30837327050703167  0.31886570424555438  0.32954035585942176
  0.34024006481756630  0.35098335443232825  0.36188043028280764  0.37289734327752144
  0.38367665411026264  0.39414598516812532  0.40450016199834926  0.41483701639135351
  0.42524464293297548  0.43555010950613066  0.44561173112236996  0.45555111687463845
  0.46567882260984783  0.47623501485070985  0.48695338742323346  0.49773762863590232
  0.50847135749419092  0.51925330122518687  0.52978695186976699  0.54000569782405028
  0.55075096970021953  0.56164994465585538  0.57250959469726426  0.58314539690350997
  0.59377869714636522  0.60422864621291972  0.61475598283453092  0.62563441635765327
  0.63677599694203202  0.64765332848570134  0.65813317216230849  0.66853412892419872
  0.67875902515722730  0.68878838200212833  0.69888538838616987  0.70915883811635616
  0.71967590544718962  0.73006595300728505  0.74027469585530581  0.75066992048648151
  0.76125812820435279  0.77186146945010015  0.78251277218717208  0.79307899024969986
  0.80362230646098587  0.81399705120413079  0.82423782323761829  0.83433501826944445
  0.84425172454465347  0.85421625598372430  0.86435872020750648  0.87474869108045294
  0.88491056234207777  0.89478540591084088  0.90451180651223806  0.91420891419843409
  0.92412632007548068  0.93396955422919581  0.94407216075514477  0.95433740703787862
  0.96494508615888475  0.97591094267944400  0.98758127466528023  1.00000000000000000
 -0.00238505317039020  0.00916912279104033  0.01937038637468842  0.02939619855599275
  0.03958737996581025  0.04987744972731262  0.06022919607861409  0.07039850125577715
  0.08039796650421545  0.09066836023100712  0.10109018816359146  0.11135903720761225
  0.12155446864172541  0.13192003064702615  0.14228463044341866  0.15259827921176577
  0.16301134013818167  0.17363688123803217  0.18443927281154479  0.19493961443834432
  0.20524461021875640  0.21549576677894233  0.22596284323470564  0.23684806118950807
  0.24803748761457112  0.25915894452211802  0.26995972117608807  0.28038304365321004
  0.29074526770906767  0.30118092019828752  0.31165633128154613  0.32230332095745079
  0.33309667776899221  0.34406444561599431  0.35469845627832253  0.36495164870367597
  0.37514366144509120  0.38564254945371218  0.39635133455104760  0.40692933911540158
  0.41734704192970840  0.42756595512075468  0.43766040173960141  0.44786767125328597
  0.45834504405788246  0.46930566760462633  0.48025342863903459  0.49109605557299985
  0.50189159709841680  0.51251463417699061  0.52295609497316387  0.53309149933630573
  0.54351946524940176  0.55426785811745838  0.56528197865508678  0.57634328943391899
  0.58717777512802549  0.59788678522634831  0.60832839295896601  0.61866571344150334
  0.62910898458816755  0.63969796831484937  0.65093307980541060  0.66197447561050538
  0.67285399569766091  0.68372625556718458  0.69445575158299644  0.70527496115662491
  0.71570789367334298  0.72611190442461060  0.73646778765855969  0.74682382037939110
  0.75728259367921236  0.76766697642442594  0.77794895363631067  0.78840489012961379
  0.79909713369009971  0.81018359216807079  0.82092500670916857  0.83173422279202014
  0.84237385431418754  0.85313276074906375  0.86325240813469128  0.87334871886252663
  0.88360036552697474  0.89406950992507783  0.90452765057977880  0.91504332421484336
  0.92552224067426858  0.93602334208709681  0.94642090261434597  0.95695787381341835
  0.96746623973065382  0.97804015609283257  0.98891922856330239  1.00000000000000000
 -0.00236127869384057  0.00936866579474702  0.01978285364850419  0.03030982934442175
  0.04121293057206079  0.05215945622855261  0.06277985466756869  0.07325288227631113
  0.08405979187859125  0.09507094327273968  0.10617137454467025  0.11684513507559008
  0.12749045229316311  0.13803176112960533  0.14836219502971107  0.15880051586383745
  0.16923413271240390  0.17987149310737499  0.19031798922638282  0.20085794988490302
  0.21146621721760145  0.22245658931280593  0.23375122744402410  0.24523832765050363
  0.25659274318511105  0.26798208968346643  0.27923246408779590  0.29039346124064280
  0.30105673702526919  0.31135169083135911  0.32156432115072853  0.33169346705661323
  0.34190680007386820  0.35225302041134166  0.36315411795165486  0.37443356255577803
  0.38558916317214864  0.39662967829120271  0.40766275391773915  0.41859680462010979
  0.42932992836191508  0.43980496259746638  0.44999529393768056  0.46005224980914972
  0.46992981878119761  0.47994068283437724  0.49015254909906353  0.50048757648783071
  0.51069474104868140  0.52102011400522563  0.53157546434128089  0.54214223695115460
  0.55241577526322017  0.56237869180892219  0.57235785844196785  0.58241148521920449
  0.59282838367247903  0.60309460675195681  0.61363371164834557  0.62375507253957818
  0.63409365071321255  0.64463972963018823  0.65509994312505981  0.66538788531840232
  0.67561942001226549  0.68609947935410232  0.69723575562411710  0.70829515716617042
  0.71915178887380860  0.72936327536552714  0.73930053958784259  0.74937545651151916
  0.75998053722090197  0.77056629835062840  0.78064850903991112  0.79080634450046128
  0.80110095652941304  0.81131557154887435  0.82129215625227714  0.83103831306417930
  0.84103442404201068  0.85111883047290426  0.86143339502393579  0.87202424363107212
  0.88233454833517555  0.89246731586603090  0.90287272867917479  0.91340281547010571
  0.92415318196858531  0.93457787508494516  0.94561783111614905  0.95668880740165774
  0.96750968230950940  0.97845749580638286  0.98921539674881187  1.00000000000000000
 -0.00620174552614020  0.03415777727798121  0.05889439660907010  0.07838627184774620
  0.09547739699490690  0.11083262709348227  0.12512859041884633  0.13883030526509729
  0.15185099882153258  0.16426558129871516  0.17606190734643229  0.18737877134922412
  0.19851237412758299  0.20935450344765905  0.21957238245483679  0.22959938055843987
  0.23909379700044389  0.24839253843683823  0.25769447085506020  0.26698016406814146
  0.27633151418146029  0.28564289062351489  0.29504611044194695  0.30448033711064548
  0.31348772913446976  0.32180755047936677  0.32971565854723456  0.33767628840133002
  0.34565186652005764  0.35365165338079763  0.36169060078595378  0.36958837643471248
  0.37762351014524537  0.38570091285508656  0.39394186257936287  0.40224304544592909
  0.41051944920514660  0.41872979093045448  0.42690557038681187  0.43513878196060068
  0.44335649271258643  0.45144560876187062  0.45956720130719086  0.46765767758408394
  0.47587471182308566  0.48381814937238687  0.49173975402094472  0.49940025890874939
  0.50724163372153841  0.51507621741153597  0.52284368068990450  0.53047740969284940
  0.53817678500037458  0.54589738709902380  0.55354173948161034  0.56123323608342346
  0.56891874491599337  0.57645619481878152  0.58403958011049806  0.59174744103864341
  0.59947818700799238  0.60738893737060118  0.61530801827070858  0.62332206136366886
  0.63125657556322423  0.63912944004527017  0.64707843916156105  0.65515714013406867
  0.66323884368937802  0.67163168824156949  0.68018414693175111  0.68897731787980288
  0.69802302797695648  0.70717168382518714  0.71640270822119767  0.72546387479466234
  0.73445373469591069  0.74353883925409403  0.75289013086855039  0.76246304332623471
  0.77200015863364102  0.78167527800860126  0.79174941689474221  0.80248777414262717
  0.81369206508608505  0.82520389007771422  0.83697135127768296  0.84883272919597164
  0.86093659390875876  0.87364343407931500  0.88757475645064376  0.90269471933633516
  0.91984361955853722  0.93988693531064360  0.96524050792714255  1.00000000000000000
 -0.00261531675980856  0.00965745188261133  0.02001670111957366  0.03057610897349145
  0.04121449275367937  0.05134611090450751  0.06156112338193142  0.07203274011597606
  0.08254058329491511  0.09298882975451617  0.10350223363224752  0.11410260935994471
  0.12506252705256996  0.13545610266114258  0.14590085978058126  0.15613086704404855
  0.16628842119376386  0.17650568577486131  0.18670802016126886  0.19754253965348109
  0.20857376703815936  0.21985027352426556  0.23119437472039225  0.24238271434216993
  0.25341126797669433  0.26378190540900265  0.27423006760312685  0.28449369272975139
  0.29505468578123045  0.30550776370879396  0.31568457071216077  0.32620287597560271
  0.33688267081801726  0.34798124764400695  0.35821357936052967  0.36808711913725589
  0.37813535617646771  0.38839024930959581  0.39893683917314671  0.40923432457735498
  0.41941104331724127  0.42926279964483022  0.43906736330492768  0.44925599090682244
  0.45971127430542674  0.47004727765003235  0.48025312809140586  0.49063438390653175
  0.50080454046445622  0.51113999429682999  0.52122844615573050  0.53160571565075920
  0.54170311724505527  0.55218692615542231  0.56269032161716370  0.57313352842529885
  0.58351003000204560  0.59387127090204317  0.60425045290386026  0.61468961993136129
  0.62516841069164852  0.63611960311964078  0.64720065232810065  0.65801060374176790
  0.66896537999343397  0.67957732825111128  0.69036346125569958  0.70091048771539122
  0.71139849508492059  0.72184211687900091  0.73245006515704236  0.74321354018428298
  0.75397658785062038  0.76454137763353069  0.77529794164514410  0.78621779266058156
  0.79697851815982690  0.80772716873191508  0.81847936395860443  0.82936312056701167
  0.84019219223460506  0.85084961093411349  0.86136410023034415  0.87183831431731018
  0.88214144406618522  0.89243452355481068  0.90305839303073754  0.91399901915683301
  0.92486230960575599  0.93549653047552961  0.94617598769836286  0.95706060107827706
  0.96765575861568742  0.97837375000382154  0.98910529194973851  1.00000000000000000
 -0.00028609697387206  0.01787043606049690  0.03105597366932160  0.04268904445232687
  0.05391260024614145  0.06522620771751073  0.07654645393647558  0.08772750793930713
  0.09870775156732928  0.10960109428398115  0.12049131625139445  0.13144446411075181
  0.14247446456377860  0.15340548072904817  0.16420689282697670  0.17475362544089615
  0.18507436962715518  0.19541170151468990  0.20585323819808363  0.21641677532174211
  0.22687196325401035  0.23701704486165143  0.24700195272844613  0.25711180051587457
  0.26751390022061838  0.27818945465929790  0.28905368221939354  0.30002101722563390
  0.31097541563391051  0.32179395747201822  0.33244475451632588  0.34289085976838946
  0.35321857052055561  0.36334269613350223  0.37358298409763269  0.38390769019315596
  0.39428634098388693  0.40451536739617350  0.41464080459640928  0.42469673490995935
  0.43479198501467942  0.44505247906420903  0.45535869936382373  0.46555762681727064
  0.47557142404285802  0.48575628910356472  0.49610829422364650  0.50630838425595093
  0.51632642244293825  0.52630088689357213  0.53638054723398698  0.54645573819682025
  0.55659950449670181  0.56708915667103266  0.57760332621586341  0.58784840742279076
  0.59782822230594546  0.60778153166810700  0.61789751136206794  0.62806890642443425
  0.63844806338528415  0.64858884339457856  0.65871206998408660  0.66903081919134522
  0.67953381481566777  0.68984825087583956  0.69983788353854448  0.70978074601653041
  0.71986420465386158  0.72999076697856413  0.74020369145450249  0.75036671779819997
  0.76068119268376155  0.77111610673852504  0.78178743334666756  0.79253157385536777
  0.80320838971088238  0.81376349685192240  0.82418226265128069  0.83464026562631355
  0.84508387947989294  0.85554887672248914  0.86585980571894305  0.87590069814924654
  0.88577455553422879  0.89551905825108968  0.90527773745286533  0.91523362975300304
  0.92542845191205625  0.93579034920880222  0.94615184102606331  0.95658652315776649
  0.96700426814250795  0.97777278335281592  0.98871409940449273  1.00000000000000000
 -0.02011662830291005  0.13818076873730689  0.19197336913671129  0.22709029715229676
  0.25391519646545396  0.27647062972663949  0.29601027160513210  0.31368258225145723
  0.32978635166158993  0.34471166402335662  0.35874343185357915  0.37190863238760546
  0.38419143274351752  0.39551842355099842  0.40626371196978700  0.41664732539730270
  0.42670488571733911  0.43651910323184051  0.44619148413740140  0.45559176755333403
  0.46451229849185760  0.47298675392537226  0.48114127085735969  0.48904265841761202
  0.49677987270199364  0.50434009813489333  0.51170840147492214  0.51899039725622598
  0.52613802577604174  0.53309224034371661  0.53994149707634309  0.54668265795728788
  0.55332729752914223  0.55982790127761883  0.56620627470258844  0.57248612761625806
  0.57887714199114348  0.58516039405814024  0.59126263263328405  0.59728060659079085
  0.60317447420817960  0.60894400483272149  0.61465848125006628  0.62030849411621081
  0.62594370861595849  0.63151396063735632  0.63699119351657196  0.64247324954208562
  0.64787018424926102  0.65319597935286144  0.65847366000130925  0.66372341996958406
  0.66895329519055258  0.67426033671371399  0.67949538251386987  0.68461582555813427
  0.68962803646054027  0.69457692550178496  0.69951434697272796  0.70445658278012968
  0.70937674605531165  0.71424239066603279  0.71911350813436747  0.72400699162648374
  0.72894661843391828  0.73388812530805303  0.73880322291890177  0.74370791950910886
  0.74861448971336064  0.75354041710830022  0.75851854529568885  0.76354161572479662
  0.76865935567264332  0.77380227230355403  0.77899154501112877  0.78417349472771147
  0.78937022702050663  0.79463368667772072  0.80001227659121277  0.80546993984765325
  0.81103927992487945  0.81678540309759617  0.82259800054144649  0.82847592471636700
  0.83450243571876304  0.84083332164897917  0.84750132354436858  0.85454900787603605
  0.86234372564679040  0.87034894037870425  0.87933306282332546  0.88945959935324403
  0.90131901633883416  0.91694073039077262  0.94112603072591117  1.00000000000000000
  1.13708000933434912E-005  -1.0000000000000000     
 T T T T F F F F F F F F T T T T T T T T F F F F F F F F T T T T
  <DiscreteSampler_grid>
  grouped_processes
  1 # 1 for a reference and 2 for a running grid.
  10 # Attribute 'min_bin_probing_points' of the grid.
  1 # Attribute 'grid_mode' of the grid. 1=='default',2=='initialization'
  0.0000000000000000 # Attribute 'small_contrib_threshold' of the grid.
  0.5000000000000000 # Attribute 'damping_power' of the grid.
 # binID   n_entries weight   weight_sqr   abs_weight
    13   10   1.775996507048609E+006   5.905360900645095E+012   1.775996507048609E+006
    14   10   1.775996507048610E+006   5.905360900645099E+012   1.775996507048610E+006
    16   10   1.815651973948373E+002   6.172021666705125E+004   1.815651973948373E+002
    17   10   1.815651973948373E+002   6.172021666705127E+004   1.815651973948373E+002
  </DiscreteSampler_grid>
